92 Pegs Remain
Total nodes explored: 8780323
Total time: 0:5:0:15
Board 0: 99 Pegs
1101111111
1111111111
1111111111
1111111111
1111111111
1111111111
1111111111
1111111111
1111111111
1111111111
Board 1: 98 Pegs
1110011111
1111111111
1111111111
1111111111
1111111111
1111111111
1111111111
1111111111
1111111111
1111111111
Board 2: 97 Pegs
1110100111
1111111111
1111111111
1111111111
1111111111
1111111111
1111111111
1111111111
1111111111
1111111111
Board 3: 96 Pegs
1110110111
1111101111
1111101111
1111111111
1111111111
1111111111
1111111111
1111111111
1111111111
1111111111
Board 4: 95 Pegs
1001110111
1111101111
1111101111
1111111111
1111111111
1111111111
1111111111
1111111111
1111111111
1111111111
Board 5: 94 Pegs
1010010111
1111101111
1111101111
1111111111
1111111111
1111111111
1111111111
1111111111
1111111111
1111111111
Board 6: 93 Pegs
1010011111
1111100111
1111100111
1111111111
1111111111
1111111111
1111111111
1111111111
1111111111
1111111111
Board 7: 92 Pegs
1010011111
1111100111
1111101111
1111110111
1111110111
1111111111
1111111111
1111111111
1111111111
1111111111
