15 Pegs Remain
Total nodes explored: 19047227
Total time: 0:5:0:3
Board 0: 99 Pegs
1101111111
1111111111
1111111111
1111111111
1111111111
1111111111
1111111111
1111111111
1111111111
1111111111
Board 1: 98 Pegs
0011111111
1111111111
1111111111
1111111111
1111111111
1111111111
1111111111
1111111111
1111111111
1111111111
Board 2: 97 Pegs
0100111111
1111111111
1111111111
1111111111
1111111111
1111111111
1111111111
1111111111
1111111111
1111111111
Board 3: 96 Pegs
0101001111
1111111111
1111111111
1111111111
1111111111
1111111111
1111111111
1111111111
1111111111
1111111111
Board 4: 95 Pegs
0101010011
1111111111
1111111111
1111111111
1111111111
1111111111
1111111111
1111111111
1111111111
1111111111
Board 5: 94 Pegs
0101010100
1111111111
1111111111
1111111111
1111111111
1111111111
1111111111
1111111111
1111111111
1111111111
Board 6: 93 Pegs
1101010100
0111111111
0111111111
1111111111
1111111111
1111111111
1111111111
1111111111
1111111111
1111111111
Board 7: 92 Pegs
0011010100
0111111111
0111111111
1111111111
1111111111
1111111111
1111111111
1111111111
1111111111
1111111111
Board 8: 91 Pegs
0000110100
0111111111
0111111111
1111111111
1111111111
1111111111
1111111111
1111111111
1111111111
1111111111
Board 9: 90 Pegs
0000001100
0111111111
0111111111
1111111111
1111111111
1111111111
1111111111
1111111111
1111111111
1111111111
Board 10: 89 Pegs
0000000010
0111111111
0111111111
1111111111
1111111111
1111111111
1111111111
1111111111
1111111111
1111111111
Board 11: 88 Pegs
0000000010
1001111111
0111111111
1111111111
1111111111
1111111111
1111111111
1111111111
1111111111
1111111111
Board 12: 87 Pegs
0000000010
1010011111
0111111111
1111111111
1111111111
1111111111
1111111111
1111111111
1111111111
1111111111
Board 13: 86 Pegs
0000000010
1010100111
0111111111
1111111111
1111111111
1111111111
1111111111
1111111111
1111111111
1111111111
Board 14: 85 Pegs
0000000010
1010101001
0111111111
1111111111
1111111111
1111111111
1111111111
1111111111
1111111111
1111111111
Board 15: 84 Pegs
0000000010
1010101001
1001111111
1111111111
1111111111
1111111111
1111111111
1111111111
1111111111
1111111111
Board 16: 83 Pegs
1000000010
0010101001
0001111111
1111111111
1111111111
1111111111
1111111111
1111111111
1111111111
1111111111
Board 17: 82 Pegs
1000000010
0010101001
0010011111
1111111111
1111111111
1111111111
1111111111
1111111111
1111111111
1111111111
Board 18: 81 Pegs
1010000010
0000101001
0000011111
1111111111
1111111111
1111111111
1111111111
1111111111
1111111111
1111111111
Board 19: 80 Pegs
1010000010
0000101001
0000100111
1111111111
1111111111
1111111111
1111111111
1111111111
1111111111
1111111111
Board 20: 79 Pegs
1010100010
0000001001
0000000111
1111111111
1111111111
1111111111
1111111111
1111111111
1111111111
1111111111
Board 21: 78 Pegs
1010100010
0000001001
0000001001
1111111111
1111111111
1111111111
1111111111
1111111111
1111111111
1111111111
Board 22: 77 Pegs
1010101010
0000000001
0000000001
1111111111
1111111111
1111111111
1111111111
1111111111
1111111111
1111111111
Board 23: 76 Pegs
1010101011
0000000000
0000000000
1111111111
1111111111
1111111111
1111111111
1111111111
1111111111
1111111111
Board 24: 75 Pegs
1010101100
0000000000
0000000000
1111111111
1111111111
1111111111
1111111111
1111111111
1111111111
1111111111
Board 25: 74 Pegs
1010100010
0000000000
0000000000
1111111111
1111111111
1111111111
1111111111
1111111111
1111111111
1111111111
Board 26: 73 Pegs
1010100010
0000000000
1000000000
0111111111
0111111111
1111111111
1111111111
1111111111
1111111111
1111111111
Board 27: 72 Pegs
1010100010
0000000000
1000000000
1001111111
0111111111
1111111111
1111111111
1111111111
1111111111
1111111111
Board 28: 71 Pegs
1010100010
0000000000
0000000000
0001111111
1111111111
1111111111
1111111111
1111111111
1111111111
1111111111
Board 29: 70 Pegs
1010100010
0000000000
0000000000
0010011111
1111111111
1111111111
1111111111
1111111111
1111111111
1111111111
Board 30: 69 Pegs
1010100010
0000000000
0000000000
0010100111
1111111111
1111111111
1111111111
1111111111
1111111111
1111111111
Board 31: 68 Pegs
1010100010
0000000000
0000000000
0010101001
1111111111
1111111111
1111111111
1111111111
1111111111
1111111111
Board 32: 67 Pegs
1010100010
0000000000
0010000000
0000101001
1101111111
1111111111
1111111111
1111111111
1111111111
1111111111
Board 33: 66 Pegs
1010100010
0000000000
0010000000
0000101001
0011111111
1111111111
1111111111
1111111111
1111111111
1111111111
Board 34: 65 Pegs
1010100010
0000000000
0010000000
0000101001
0100111111
1111111111
1111111111
1111111111
1111111111
1111111111
Board 35: 64 Pegs
1010100010
0000000000
0010100000
0000001001
0100011111
1111111111
1111111111
1111111111
1111111111
1111111111
Board 36: 63 Pegs
1010100010
0000000000
0010100000
0000001001
0100100111
1111111111
1111111111
1111111111
1111111111
1111111111
Board 37: 62 Pegs
1010100010
0000000000
0010100000
0000001001
0100101001
1111111111
1111111111
1111111111
1111111111
1111111111
Board 38: 61 Pegs
1010100010
0000000000
0010101000
0000000001
0100100001
1111111111
1111111111
1111111111
1111111111
1111111111
Board 39: 60 Pegs
1010100010
0000000000
0010101001
0000000000
0100100000
1111111111
1111111111
1111111111
1111111111
1111111111
Board 40: 59 Pegs
1010100010
0000000000
0010101001
0100000000
0000100000
1011111111
1111111111
1111111111
1111111111
1111111111
Board 41: 58 Pegs
1010100010
0000000000
0010101001
0100000000
0000100000
1100111111
1111111111
1111111111
1111111111
1111111111
Board 42: 57 Pegs
1010100010
0000000000
0010101001
0100000000
0000100000
0010111111
1111111111
1111111111
1111111111
1111111111
Board 43: 56 Pegs
1010100010
0000000000
0010101001
0100100000
0000000000
0010011111
1111111111
1111111111
1111111111
1111111111
Board 44: 55 Pegs
1010100010
0000000000
0010001001
0100000000
0000100000
0010011111
1111111111
1111111111
1111111111
1111111111
Board 45: 54 Pegs
1010100010
0000000000
0010001001
0100000000
0000100000
0010100111
1111111111
1111111111
1111111111
1111111111
Board 46: 53 Pegs
1010100010
0000000000
0010001001
0100100000
0000000000
0010000111
1111111111
1111111111
1111111111
1111111111
Board 47: 52 Pegs
1010100010
0000000000
0010001001
0100100000
0000000000
0010001001
1111111111
1111111111
1111111111
1111111111
Board 48: 51 Pegs
1010100010
0000000000
0010001001
0100100000
0010000000
0000001001
1101111111
1111111111
1111111111
1111111111
Board 49: 50 Pegs
1010100010
0000000000
0010001001
0100100000
0010000000
0000001001
0011111111
1111111111
1111111111
1111111111
Board 50: 49 Pegs
1010100010
0000000000
0010001001
0100100000
0010000000
0000001001
0100111111
1111111111
1111111111
1111111111
Board 51: 48 Pegs
1010100010
0000000000
0010001001
0100100000
0010000000
0000001001
0101001111
1111111111
1111111111
1111111111
Board 52: 47 Pegs
1010100010
0000000000
0010001001
0100100000
0010001000
0000000001
0101000111
1111111111
1111111111
1111111111
Board 53: 46 Pegs
1010100010
0000000000
0010001001
0100100000
0010001000
0000000001
0101001001
1111111111
1111111111
1111111111
Board 54: 45 Pegs
1010100010
0000000000
0010001001
0100100000
0010001001
0000000000
0101001000
1111111111
1111111111
1111111111
Board 55: 44 Pegs
1010100010
0000000000
0010001001
0100100000
0010001001
0100000000
0001001000
1011111111
1111111111
1111111111
Board 56: 43 Pegs
1010100010
0000000000
0010001001
0100100000
0010001001
0100000000
0001001000
1100111111
1111111111
1111111111
Board 57: 42 Pegs
1010100010
0000000000
0010001001
0100100000
0010001001
0100000000
0001001000
0010111111
1111111111
1111111111
Board 58: 41 Pegs
1010100010
0000000000
0010001001
0100100000
0010001001
0100000000
0001001000
0011001111
1111111111
1111111111
Board 59: 40 Pegs
1010100010
0000000000
0010001001
0100100000
0010001001
0100000000
0001001000
0000101111
1111111111
1111111111
Board 60: 39 Pegs
1010100010
0000000000
0010001001
0100100000
0010001001
0100001000
0001000000
0000100111
1111111111
1111111111
Board 61: 38 Pegs
1010100010
0000000000
0010001001
0100100000
0010000001
0100000000
0001001000
0000100111
1111111111
1111111111
Board 62: 37 Pegs
1010100010
0000000000
0010001001
0100100000
0010000001
0100000000
0001001000
0000101001
1111111111
1111111111
Board 63: 36 Pegs
1010100010
0000000000
0010001001
0100100000
0010000001
0100001000
0001000000
0000100001
1111111111
1111111111
Board 64: 35 Pegs
1010100010
0000000000
0010001001
0100100000
0010000001
0100001000
0001100000
0000000001
1111011111
1111111111
Board 65: 34 Pegs
1010100010
0000000000
0010001001
0100100000
0010000001
0100001000
0000010000
0000000001
1111011111
1111111111
Board 66: 33 Pegs
1010100010
0000000000
0010001001
0100100000
0010000001
0100001000
0000010000
0000000001
1100111111
1111111111
Board 67: 32 Pegs
1010100010
0000000000
0010001001
0100100000
0010000001
0100001000
0000010000
0000000001
0010111111
1111111111
Board 68: 31 Pegs
1010100010
0000000000
0010001001
0100100000
0010000001
0100001000
0000010000
0000000001
0011001111
1111111111
Board 69: 30 Pegs
1010100010
0000000000
0010001001
0100100000
0010000001
0100001000
0000010000
0000000001
0000101111
1111111111
Board 70: 29 Pegs
1010100010
0000000000
0010001001
0100100000
0010000001
0100001000
0000010000
0000000001
0000110011
1111111111
Board 71: 28 Pegs
1010100010
0000000000
0010001001
0100100000
0010000001
0100001000
0000010000
0000000001
0000001011
1111111111
Board 72: 27 Pegs
1010100010
0000000000
0010001001
0100100000
0010000001
0100001000
0000010000
0000000001
0000001100
1111111111
Board 73: 26 Pegs
1010100010
0000000000
0010001001
0100100000
0010000001
0100001000
0000010000
0000000001
0000010000
1111111111
Board 74: 25 Pegs
1010100010
0000000000
0010001001
0100100000
0010000001
0100001000
0000010000
0000010001
0000000000
1111101111
Board 75: 24 Pegs
1010100010
0000000000
0010001001
0100100000
0010000001
0100011000
0000000000
0000000001
0000000000
1111101111
Board 76: 23 Pegs
1010100010
0000000000
0010001001
0100100000
0010000001
0100000100
0000000000
0000000001
0000000000
1111101111
Board 77: 22 Pegs
1010100010
0000000000
0010001001
0100100000
0010000001
0100000100
0000000000
0000000001
0000000000
1111110011
Board 78: 21 Pegs
1010100010
0000000000
0010001001
0100100000
0010000001
0100000100
0000000000
0000000001
0000000000
1111001011
Board 79: 20 Pegs
1010100010
0000000000
0010001001
0100100000
0010000001
0100000100
0000000000
0000000001
0000000000
1100101011
Board 80: 19 Pegs
1010100010
0000000000
0010001001
0100100000
0010000001
0100000100
0000000000
0000000001
0000000000
0010101011
Board 81: 18 Pegs
1010100010
0000000000
0010001001
0100100000
0010000001
0100000100
0000000000
0000000001
0000000000
0010101100
Board 82: 17 Pegs
1010100010
0000000000
0010001001
0100100000
0010000001
0100000100
0000000000
0000000001
0000000000
0010110000
Board 83: 16 Pegs
1010100010
0000000000
0010001001
0100100000
0010000001
0100000100
0000000000
0000000001
0000000000
0011000000
Board 84: 15 Pegs
1010100010
0000000000
0010001001
0100100000
0010000001
0100000100
0000000000
0000000001
0000000000
0000100000
