11 Pegs Remain
Total nodes explored: 8236734
Total time: 0:5:0:1
Board 0: 99 Pegs
1101111111
1111111111
1111111111
1111111111
1111111111
1111111111
1111111111
1111111111
1111111111
1111111111
Board 1: 98 Pegs
0011111111
1111111111
1111111111
1111111111
1111111111
1111111111
1111111111
1111111111
1111111111
1111111111
Board 2: 97 Pegs
1011111111
0111111111
0111111111
1111111111
1111111111
1111111111
1111111111
1111111111
1111111111
1111111111
Board 3: 96 Pegs
1100111111
0111111111
0111111111
1111111111
1111111111
1111111111
1111111111
1111111111
1111111111
1111111111
Board 4: 95 Pegs
0010111111
0111111111
0111111111
1111111111
1111111111
1111111111
1111111111
1111111111
1111111111
1111111111
Board 5: 94 Pegs
0010111111
0111111111
1111111111
0111111111
0111111111
1111111111
1111111111
1111111111
1111111111
1111111111
Board 6: 93 Pegs
0010111111
0111111111
1111111111
0111111111
1111111111
0111111111
0111111111
1111111111
1111111111
1111111111
Board 7: 92 Pegs
0010111111
0111111111
1111111111
0111111111
1111111111
0111111111
1111111111
0111111111
0111111111
1111111111
Board 8: 91 Pegs
0110111111
0011111111
1011111111
0111111111
1111111111
0111111111
1111111111
0111111111
0111111111
1111111111
Board 9: 90 Pegs
0001111111
0011111111
1011111111
0111111111
1111111111
0111111111
1111111111
0111111111
0111111111
1111111111
Board 10: 89 Pegs
0010011111
0011111111
1011111111
0111111111
1111111111
0111111111
1111111111
0111111111
0111111111
1111111111
Board 11: 88 Pegs
0010100111
0011111111
1011111111
0111111111
1111111111
0111111111
1111111111
0111111111
0111111111
1111111111
Board 12: 87 Pegs
0010101001
0011111111
1011111111
0111111111
1111111111
0111111111
1111111111
0111111111
0111111111
1111111111
Board 13: 86 Pegs
0010101001
0100111111
1011111111
0111111111
1111111111
0111111111
1111111111
0111111111
0111111111
1111111111
Board 14: 85 Pegs
0010101001
0100111111
1011111111
0111111111
1111111111
0111111111
1111111111
0111111111
1001111111
1111111111
Board 15: 84 Pegs
0010101001
0100111111
1011111111
0111111111
1111111111
0111111111
1111111111
1111111111
0001111111
0111111111
Board 16: 83 Pegs
0010101001
0100111111
1011111111
0111111111
1111111111
1111111111
0111111111
0111111111
0001111111
0111111111
Board 17: 82 Pegs
0010101001
0100111111
1011111111
0111111111
1111111111
1111111111
0111111111
0111111111
0001111111
1001111111
Board 18: 81 Pegs
0010101001
0100111111
1011111111
0111111111
0111111111
0111111111
1111111111
0111111111
0001111111
1001111111
Board 19: 80 Pegs
0010101001
0100111111
1011111111
0111111111
0111111111
0111111111
1111111111
0111111111
0001111111
1010011111
Board 20: 79 Pegs
0010101001
0100111111
1011111111
0111111111
0111111111
0111111111
1111111111
0111111111
0001111111
1010100111
Board 21: 78 Pegs
0010101001
0100111111
1011111111
0111111111
0111111111
0111111111
1111111111
0111111111
0001111111
1010101001
Board 22: 77 Pegs
0010101001
0100111111
1011111111
0111111111
0111111111
0111111111
1011111111
0011111111
0101111111
1010101001
Board 23: 76 Pegs
0010101001
0100111111
1111111111
0011111111
0011111111
0111111111
1011111111
0011111111
0101111111
1010101001
Board 24: 75 Pegs
0010101001
0000111111
1011111111
0111111111
0011111111
0111111111
1011111111
0011111111
0101111111
1010101001
Board 25: 74 Pegs
0010101001
0010111111
1001111111
0101111111
0011111111
0111111111
1011111111
0011111111
0101111111
1010101001
Board 26: 73 Pegs
0000101001
0000111111
1011111111
0101111111
0011111111
0111111111
1011111111
0011111111
0101111111
1010101001
Board 27: 72 Pegs
0000101011
0000111101
1011111101
0101111111
0011111111
0111111111
1011111111
0011111111
0101111111
1010101001
Board 28: 71 Pegs
0000101100
0000111101
1011111101
0101111111
0011111111
0111111111
1011111111
0011111111
0101111111
1010101001
Board 29: 70 Pegs
0000110000
0000111101
1011111101
0101111111
0011111111
0111111111
1011111111
0011111111
0101111111
1010101001
Board 30: 69 Pegs
0000110001
0000111100
1011111100
0101111111
0011111111
0111111111
1011111111
0011111111
0101111111
1010101001
Board 31: 68 Pegs
0000001001
0000111100
1011111100
0101111111
0011111111
0111111111
1011111111
0011111111
0101111111
1010101001
Board 32: 67 Pegs
0000001001
0000111100
1011111101
0101111110
0011111110
0111111111
1011111111
0011111111
0101111111
1010101001
Board 33: 66 Pegs
0000001001
0000111100
1011111101
0101111110
0011111111
0111111110
1011111110
0011111111
0101111111
1010101001
Board 34: 65 Pegs
0000001001
0000111100
1011111101
0101111110
0011111111
0111111110
1011111111
0011111110
0101111110
1010101001
Board 35: 64 Pegs
0000001001
0000111100
1100111101
0101111110
0011111111
0111111110
1011111111
0011111110
0101111110
1010101001
Board 36: 63 Pegs
0000001001
0000111100
0010111101
0101111110
0011111111
0111111110
1011111111
0011111110
0101111110
1010101001
Board 37: 62 Pegs
0000001001
0000110010
0010111101
0101111110
0011111111
0111111110
1011111111
0011111110
0101111110
1010101001
Board 38: 61 Pegs
0000001001
0000001010
0010111101
0101111110
0011111111
0111111110
1011111111
0011111110
0101111110
1010101001
Board 39: 60 Pegs
0000001001
0000001010
0010111101
0101111110
0011111111
0111111110
1011111111
0011111110
0101111001
1010101001
Board 40: 59 Pegs
0000001001
0000001010
0010111101
0101111110
0011111111
0111111110
1011111111
0011111111
0101111000
1010101000
Board 41: 58 Pegs
0000001001
0000001010
0010111101
0101111110
0011111111
0111111111
1011111110
0011111110
0101111000
1010101000
Board 42: 57 Pegs
0000001001
0000001010
0010111101
0101111110
0011111110
0111111110
1011111111
0011111110
0101111000
1010101000
Board 43: 56 Pegs
0000001001
0000001010
0010111101
0101111110
0011111110
0111111110
1011111111
0011111110
0110011000
1010101000
Board 44: 55 Pegs
0000001001
0000001010
0010111101
0101111110
0011111110
0111111110
1011111111
0011111110
0001011000
1010101000
Board 45: 54 Pegs
0000001001
0000001010
0010111101
0101111110
0011111110
0111111110
1011111111
0011111110
0001100000
1010101000
Board 46: 53 Pegs
0000001001
0000001010
0010111101
0101111110
0011111110
0111111110
1011111111
0011111110
0000010000
1010101000
Board 47: 52 Pegs
0000001001
0000001010
0010111101
0101111110
0011111110
0111111110
1011111111
0100111110
0000010000
1010101000
Board 48: 51 Pegs
0000001001
0000001010
0010111101
0101111110
0011111110
0111111110
1011111101
0100111100
0000010010
1010101000
Board 49: 50 Pegs
0000001001
0000001010
0010111111
0101111100
0011111100
0111111110
1011111101
0100111100
0000010010
1010101000
Board 50: 49 Pegs
0000001001
0000001000
0010111101
0101111110
0011111100
0111111110
1011111101
0100111100
0000010010
1010101000
Board 51: 48 Pegs
0000001001
0000001100
0010111001
0101111010
0011111100
0111111110
1011111101
0100111100
0000010010
1010101000
Board 52: 47 Pegs
0000001001
0000010000
0010111001
0101111010
0011111100
0111111110
1011111101
0100111100
0000010010
1010101000
Board 53: 46 Pegs
0000001001
0000010000
0010111001
0101111010
0011111100
0111111110
1011111101
0100110010
0000010010
1010101000
Board 54: 45 Pegs
0000001001
0000010000
0010111001
0101111010
0011111100
0111111110
1011111111
0100110000
0000010000
1010101000
Board 55: 44 Pegs
0000001001
0000010000
0010111001
0101111010
0011111110
0111111100
1011111101
0100110000
0000010000
1010101000
Board 56: 43 Pegs
0000001001
0000010000
0010111001
0101111000
0011111100
0111111110
1011111101
0100110000
0000010000
1010101000
Board 57: 42 Pegs
0000001001
0000010000
0010111001
0101111000
0011111100
0111111110
1011111101
0100001000
0000010000
1010101000
Board 58: 41 Pegs
0000001001
0000010000
0010111001
0101111000
0011111100
0111111110
1100111101
0100001000
0000010000
1010101000
Board 59: 40 Pegs
0000001001
0000010000
0010111001
0101111000
0011111100
0111111110
0010111101
0100001000
0000010000
1010101000
Board 60: 39 Pegs
0000001001
0000010000
0010111001
0111111000
0001111100
0101111110
0010111101
0100001000
0000010000
1010101000
Board 61: 38 Pegs
0000001001
0000010000
0000111001
0101111000
0011111100
0101111110
0010111101
0100001000
0000010000
1010101000
Board 62: 37 Pegs
0000001001
0000010000
0001111001
0100111000
0010111100
0101111110
0010111101
0100001000
0000010000
1010101000
Board 63: 36 Pegs
0000001001
0000010000
0010011001
0100111000
0010111100
0101111110
0010111101
0100001000
0000010000
1010101000
Board 64: 35 Pegs
0000001001
0000010000
0010100001
0100111000
0010111100
0101111110
0010111101
0100001000
0000010000
1010101000
Board 65: 34 Pegs
0000001001
0000110000
0010000001
0100011000
0010111100
0101111110
0010111101
0100001000
0000010000
1010101000
Board 66: 33 Pegs
0000001001
0000001000
0010000001
0100011000
0010111100
0101111110
0010111101
0100001000
0000010000
1010101000
Board 67: 32 Pegs
0000000001
0000000000
0010001001
0100011000
0010111100
0101111110
0010111101
0100001000
0000010000
1010101000
Board 68: 31 Pegs
0000000001
0000001000
0010000001
0100010000
0010111100
0101111110
0010111101
0100001000
0000010000
1010101000
Board 69: 30 Pegs
0000000001
0000001000
0010000001
0100010000
0010111100
0101111110
0010110101
0100000000
0000011000
1010101000
Board 70: 29 Pegs
0000000001
0000001000
0010000001
0100010000
0010111100
0101111110
0010110101
0100001000
0000010000
1010100000
Board 71: 28 Pegs
0000000001
0000001000
0010000001
0100010000
0010111100
0101111110
0010001101
0100001000
0000010000
1010100000
Board 72: 27 Pegs
0000000001
0000001000
0010000001
0100010000
0010111100
0101111110
0010010001
0100001000
0000010000
1010100000
Board 73: 26 Pegs
0000000001
0000001000
0010000001
0100010000
0010111000
0101111010
0010010101
0100001000
0000010000
1010100000
Board 74: 25 Pegs
0000000001
0000001000
0010000001
0100010000
0010110000
0101110010
0010011101
0100001000
0000010000
1010100000
Board 75: 24 Pegs
0000000001
0000001000
0010000001
0100010000
0010110000
0101111010
0010010101
0100000000
0000010000
1010100000
Board 76: 23 Pegs
0000000001
0000001000
0010000001
0100010000
0010010000
0101011010
0010110101
0100000000
0000010000
1010100000
Board 77: 22 Pegs
0000000001
0000001000
0010000001
0100010000
0010010000
0101011010
0010001101
0100000000
0000010000
1010100000
Board 78: 21 Pegs
0000000001
0000001000
0010000001
0100010000
0010010000
0101011010
0010010001
0100000000
0000010000
1010100000
Board 79: 20 Pegs
0000000001
0000001000
0010000001
0100010000
0010010000
0101100010
0010010001
0100000000
0000010000
1010100000
Board 80: 19 Pegs
0000000001
0000001000
0010000001
0100000000
0010000000
0101110010
0010010001
0100000000
0000010000
1010100000
Board 81: 18 Pegs
0000000001
0000001000
0010000001
0100000000
0010000000
0110010010
0010010001
0100000000
0000010000
1010100000
Board 82: 17 Pegs
0000000001
0000001000
0010000001
0110000000
0000000000
0100010010
0010010001
0100000000
0000010000
1010100000
Board 83: 16 Pegs
0000000001
0000001000
0000000001
0100000000
0010000000
0100010010
0010010001
0100000000
0000010000
1010100000
Board 84: 15 Pegs
0000000001
0000001000
0000000001
0100000000
0010000000
0100000010
0010000001
0100010000
0000010000
1010100000
Board 85: 14 Pegs
0000000001
0000001000
0000000001
0100000000
0010000000
0100000010
0010000001
0100000000
0000000000
1010110000
Board 86: 13 Pegs
0000000001
0000001000
0000000001
0100000000
0010000000
0100000010
0010000001
0100000000
0000000000
1011000000
Board 87: 12 Pegs
0000000001
0000001000
0000000001
0100000000
0010000000
0100000010
0010000001
0100000000
0000000000
1100000000
Board 88: 11 Pegs
0000000001
0000001000
0000000001
0100000000
0010000000
0100000010
0010000001
0100000000
0000000000
0010000000
