5 Pegs Remain
Total nodes explored: 12598722
Total time: 0:5:0:5
Board 0: 48 Pegs
1111111
1111111
1111111
1110111
1111111
1111111
1111111
Board 1: 47 Pegs
1111111
1111111
1111111
1111111
1110111
1110111
1111111
Board 2: 46 Pegs
1111111
1111111
1111111
1111111
1110111
1111001
1111111
Board 3: 45 Pegs
1111111
1111111
1111111
1111111
1111111
1110001
1110111
Board 4: 44 Pegs
1111111
1111111
1111111
1111111
1111111
1110001
1111001
Board 5: 43 Pegs
1111111
1111111
1111111
1111111
1111111
1001001
1111001
Board 6: 42 Pegs
1111111
1111111
1111111
1111111
1111111
1001001
1100101
Board 7: 41 Pegs
1111111
1111111
1111111
1111111
1111111
1001001
0010101
Board 8: 40 Pegs
1111111
1111111
1111111
1111111
0111111
0001001
1010101
Board 9: 39 Pegs
1111111
1111111
0111111
0111111
1111111
0001001
1010101
Board 10: 38 Pegs
0111111
0111111
1111111
0111111
1111111
0001001
1010101
Board 11: 37 Pegs
1001111
0111111
1111111
0111111
1111111
0001001
1010101
Board 12: 36 Pegs
1010011
0111111
1111111
0111111
1111111
0001001
1010101
Board 13: 35 Pegs
1010100
0111111
1111111
0111111
1111111
0001001
1010101
Board 14: 34 Pegs
1010101
0111110
1111110
0111111
1111111
0001001
1010101
Board 15: 33 Pegs
1010101
0111110
1111111
0111110
1111110
0001001
1010101
Board 16: 32 Pegs
1010101
0111110
1111111
0111110
1111111
0001000
1010100
Board 17: 31 Pegs
1010101
0111110
1111111
0111100
1111101
0001010
1010100
Board 18: 30 Pegs
1010101
0111100
1111101
0111110
1111101
0001010
1010100
Board 19: 29 Pegs
1010101
0111100
1111101
0011110
1011101
0101010
1010100
Board 20: 28 Pegs
1010101
0011100
1011101
0111110
1011101
0101010
1010100
Board 21: 27 Pegs
1010101
0100100
1011101
0111110
1011101
0101010
1010100
Board 22: 26 Pegs
1010101
0100100
1011101
0111110
1100101
0101010
1010100
Board 23: 25 Pegs
1010101
0100100
1011101
0111110
0010101
0101010
1010100
Board 24: 24 Pegs
1010101
0100100
1011101
0111010
0010001
0101110
1010100
Board 25: 23 Pegs
1010101
0100100
1011101
0111010
0010101
0101010
1010000
Board 26: 22 Pegs
1010101
0100000
1011001
0111110
0010101
0101010
1010000
Board 27: 21 Pegs
1010101
0100000
1011001
0111010
0010001
0101110
1010000
Board 28: 20 Pegs
1010101
0100000
1011001
0111010
0010001
0110010
1010000
Board 29: 19 Pegs
1010101
0100000
1011001
0111010
0010001
0001010
1010000
Board 30: 18 Pegs
1010101
0100000
1011001
0101010
0000001
0011010
1010000
Board 31: 17 Pegs
1010101
0100000
1011001
0101010
0000001
0000110
1010000
Board 32: 16 Pegs
1010101
0100000
1011001
0101010
0000001
0000001
1010000
Board 33: 15 Pegs
1010101
0100000
1011001
0101011
0000000
0000000
1010000
Board 34: 14 Pegs
1010101
0100000
1011001
0101100
0000000
0000000
1010000
Board 35: 13 Pegs
1010101
0100000
1011001
0110000
0000000
0000000
1010000
Board 36: 12 Pegs
1010101
0100000
1100001
0110000
0000000
0000000
1010000
Board 37: 11 Pegs
1110101
0000000
1000001
0110000
0000000
0000000
1010000
Board 38: 10 Pegs
1001101
0000000
1000001
0110000
0000000
0000000
1010000
Board 39: 9 Pegs
1000011
0000000
1000001
0110000
0000000
0000000
1010000
Board 40: 8 Pegs
1000100
0000000
1000001
0110000
0000000
0000000
1010000
Board 41: 7 Pegs
1000100
0000000
1000001
1000000
0000000
0000000
1010000
Board 42: 6 Pegs
1000100
1000000
0000001
0000000
0000000
0000000
1010000
Board 43: 5 Pegs
0000100
0000000
1000001
0000000
0000000
0000000
1010000
