3 Pegs Remain
Total nodes explored: 29970328
Total time: 0:5:0:3
Board 0: 48 Pegs
1111111
1111111
1111111
1110111
1111111
1111111
1111111
Board 1: 47 Pegs
1111111
1110111
1110111
1111111
1111111
1111111
1111111
Board 2: 46 Pegs
1111111
1001111
1110111
1111111
1111111
1111111
1111111
Board 3: 45 Pegs
1110111
1000111
1111111
1111111
1111111
1111111
1111111
Board 4: 44 Pegs
1001111
1000111
1111111
1111111
1111111
1111111
1111111
Board 5: 43 Pegs
1010011
1000111
1111111
1111111
1111111
1111111
1111111
Board 6: 42 Pegs
1010100
1000111
1111111
1111111
1111111
1111111
1111111
Board 7: 41 Pegs
1010100
1001001
1111111
1111111
1111111
1111111
1111111
Board 8: 40 Pegs
1011100
1000001
1110111
1111111
1111111
1111111
1111111
Board 9: 39 Pegs
1010010
1000001
1110111
1111111
1111111
1111111
1111111
Board 10: 38 Pegs
1010010
1000001
1001111
1111111
1111111
1111111
1111111
Board 11: 37 Pegs
1010010
1000001
1010011
1111111
1111111
1111111
1111111
Board 12: 36 Pegs
1010010
1000001
1010100
1111111
1111111
1111111
1111111
Board 13: 35 Pegs
1010010
1010001
1000100
1101111
1111111
1111111
1111111
Board 14: 34 Pegs
1000010
1000001
1010100
1101111
1111111
1111111
1111111
Board 15: 33 Pegs
1000010
1000001
1010100
0011111
1111111
1111111
1111111
Board 16: 32 Pegs
1000010
0000001
0010100
1011111
1111111
1111111
1111111
Board 17: 31 Pegs
1000010
0010001
0000100
1001111
1111111
1111111
1111111
Board 18: 30 Pegs
1000010
0010001
0000100
1010011
1111111
1111111
1111111
Board 19: 29 Pegs
1000010
0010001
0000100
1010100
1111111
1111111
1111111
Board 20: 28 Pegs
1000010
0010101
0000000
1010000
1111111
1111111
1111111
Board 21: 27 Pegs
1000010
0010101
1000000
0010000
0111111
1111111
1111111
Board 22: 26 Pegs
1000010
0010101
1000000
0010000
1001111
1111111
1111111
Board 23: 25 Pegs
1000010
0010101
1000000
0010000
1010011
1111111
1111111
Board 24: 24 Pegs
1000010
0010101
1010000
0000000
1000011
1111111
1111111
Board 25: 23 Pegs
1000010
0000101
1000000
0010000
1000011
1111111
1111111
Board 26: 22 Pegs
1000010
0000101
1000000
0010000
1000100
1111111
1111111
Board 27: 21 Pegs
1000010
0000101
1000000
1010000
0000100
0111111
1111111
Board 28: 20 Pegs
1000010
0000101
0000000
0010000
1000100
0111111
1111111
Board 29: 19 Pegs
1000010
0000101
0000000
0010100
1000000
0111011
1111111
Board 30: 18 Pegs
1000010
0000101
0000000
0010100
1000000
0100111
1111111
Board 31: 17 Pegs
1000010
0000101
0000000
0010100
1000000
0101001
1111111
Board 32: 16 Pegs
1000010
0000101
0000000
0010100
1100000
0001001
1011111
Board 33: 15 Pegs
1000010
0000101
0000000
0010100
0010000
0001001
1011111
Board 34: 14 Pegs
1000010
0000101
0000000
0000100
0000000
0011001
1011111
Board 35: 13 Pegs
1000010
0000101
0000000
0000100
0000000
0000101
1011111
Board 36: 12 Pegs
1000010
0000101
0000000
0000100
0000000
0000101
1100111
Board 37: 11 Pegs
1000010
0000101
0000000
0000100
0000000
0000101
0010111
Board 38: 10 Pegs
1000010
0000101
0000000
0000100
0000000
0000101
0011001
Board 39: 9 Pegs
1000010
0000101
0000000
0000100
0000000
0000101
0000101
Board 40: 8 Pegs
1000010
0000101
0000000
0000100
0000100
0000001
0000001
Board 41: 7 Pegs
1000010
0000101
0000100
0000000
0000000
0000001
0000001
Board 42: 6 Pegs
1000110
0000001
0000000
0000000
0000000
0000001
0000001
Board 43: 5 Pegs
1000001
0000001
0000000
0000000
0000000
0000001
0000001
Board 44: 4 Pegs
1000000
0000000
0000001
0000000
0000000
0000001
0000001
Board 45: 3 Pegs
1000000
0000000
0000001
0000000
0000001
0000000
0000000
