5 Pegs Remain
Total nodes explored: 26394925
Total time: 0:5:0:2
Board 0: 63 Pegs
11111111
11111111
11101111
11111111
11111111
11111111
11111111
11111111
Board 1: 62 Pegs
11101111
11101111
11111111
11111111
11111111
11111111
11111111
11111111
Board 2: 61 Pegs
10011111
11101111
11111111
11111111
11111111
11111111
11111111
11111111
Board 3: 60 Pegs
10100111
11101111
11111111
11111111
11111111
11111111
11111111
11111111
Board 4: 59 Pegs
10101001
11101111
11111111
11111111
11111111
11111111
11111111
11111111
Board 5: 58 Pegs
10101001
10011111
11111111
11111111
11111111
11111111
11111111
11111111
Board 6: 57 Pegs
10101001
10100111
11111111
11111111
11111111
11111111
11111111
11111111
Board 7: 56 Pegs
10101001
10101001
11111111
11111111
11111111
11111111
11111111
11111111
Board 8: 55 Pegs
10101001
11101001
10111111
10111111
11111111
11111111
11111111
11111111
Board 9: 54 Pegs
10101001
10011001
10111111
10111111
11111111
11111111
11111111
11111111
Board 10: 53 Pegs
10101001
10000101
10111111
10111111
11111111
11111111
11111111
11111111
Board 11: 52 Pegs
10101001
10000101
11001111
10111111
11111111
11111111
11111111
11111111
Board 12: 51 Pegs
10101001
10000101
00101111
10111111
11111111
11111111
11111111
11111111
Board 13: 50 Pegs
00101001
00000101
10101111
10111111
11111111
11111111
11111111
11111111
Board 14: 49 Pegs
00101001
00000101
10110011
10111111
11111111
11111111
11111111
11111111
Board 15: 48 Pegs
00101001
00000101
10001011
10111111
11111111
11111111
11111111
11111111
Board 16: 47 Pegs
00101001
00000101
10001100
10111111
11111111
11111111
11111111
11111111
Board 17: 46 Pegs
00101000
00000100
10001101
10111111
11111111
11111111
11111111
11111111
Board 18: 45 Pegs
00101000
00000100
10000011
10111111
11111111
11111111
11111111
11111111
Board 19: 44 Pegs
00101000
00000100
10000100
10111111
11111111
11111111
11111111
11111111
Board 20: 43 Pegs
00101100
00000000
10000000
10111111
11111111
11111111
11111111
11111111
Board 21: 42 Pegs
00100010
00000000
10000000
10111111
11111111
11111111
11111111
11111111
Board 22: 41 Pegs
00100010
10000000
00000000
00111111
11111111
11111111
11111111
11111111
Board 23: 40 Pegs
00100010
10000000
00000000
01001111
11111111
11111111
11111111
11111111
Board 24: 39 Pegs
00100010
10000000
00000000
01010011
11111111
11111111
11111111
11111111
Board 25: 38 Pegs
00100010
10000000
00000000
01010100
11111111
11111111
11111111
11111111
Board 26: 37 Pegs
00100010
10000000
01000000
00010100
10111111
11111111
11111111
11111111
Board 27: 36 Pegs
00100010
10000000
01000000
00010100
11001111
11111111
11111111
11111111
Board 28: 35 Pegs
00100010
10000000
01000000
00010100
00101111
11111111
11111111
11111111
Board 29: 34 Pegs
00100010
10000000
01000000
00010100
00110011
11111111
11111111
11111111
Board 30: 33 Pegs
00100010
10000000
01000000
00010100
00001011
11111111
11111111
11111111
Board 31: 32 Pegs
00100010
10000000
01000000
00010100
00001100
11111111
11111111
11111111
Board 32: 31 Pegs
00100010
10000000
01000000
00010100
00000010
11111111
11111111
11111111
Board 33: 30 Pegs
00100010
10000000
01000000
00010110
00000000
11111101
11111111
11111111
Board 34: 29 Pegs
00100010
10000000
01000000
00010001
00000000
11111101
11111111
11111111
Board 35: 28 Pegs
00100010
10000000
01000000
00010001
00000000
11110011
11111111
11111111
Board 36: 27 Pegs
00100010
10000000
01000000
00010001
00000000
11001011
11111111
11111111
Board 37: 26 Pegs
00100010
10000000
01000000
00010001
00000000
00101011
11111111
11111111
Board 38: 25 Pegs
00100010
10000000
01000000
00010001
00000000
00101100
11111111
11111111
Board 39: 24 Pegs
00100010
10000000
01000000
00010001
00000000
00100010
11111111
11111111
Board 40: 23 Pegs
00100010
10000000
01000000
00010001
00100000
00000010
11011111
11111111
Board 41: 22 Pegs
00100010
10000000
01000000
00010001
00100000
00000010
00111111
11111111
Board 42: 21 Pegs
00100010
10000000
01000000
00010001
00100000
00000010
01001111
11111111
Board 43: 20 Pegs
00100010
10000000
01000000
00010001
00100000
00000010
01010011
11111111
Board 44: 19 Pegs
00100010
10000000
01000000
00010001
00100000
00000010
01010100
11111111
Board 45: 18 Pegs
00100010
10000000
01000000
00010001
00100000
01000010
00010100
10111111
Board 46: 17 Pegs
00100010
10000000
01000000
00010001
00100000
01000010
00010100
11001111
Board 47: 16 Pegs
00100010
10000000
01000000
00010001
00100000
01000010
00010100
00101111
Board 48: 15 Pegs
00100010
10000000
01000000
00010001
00100000
01000010
00010100
00110011
Board 49: 14 Pegs
00100010
10000000
01000000
00010001
00100000
01010010
00000100
00100011
Board 50: 13 Pegs
00100010
10000000
01000000
00010001
00100000
01010010
00000100
00100100
Board 51: 12 Pegs
00100010
10000000
01000000
00010001
00100000
01010110
00000000
00100000
Board 52: 11 Pegs
00100010
10000000
01000000
00010001
00100000
01011000
00000000
00100000
Board 53: 10 Pegs
00100010
10000000
01000000
00010001
00100000
01100000
00000000
00100000
Board 54: 9 Pegs
00100010
10000000
01000000
00110001
00000000
01000000
00000000
00100000
Board 55: 8 Pegs
00100010
10000000
01000000
01000001
00000000
01000000
00000000
00100000
Board 56: 7 Pegs
00100010
11000000
00000000
00000001
00000000
01000000
00000000
00100000
Board 57: 6 Pegs
00100010
00100000
00000000
00000001
00000000
01000000
00000000
00100000
Board 58: 5 Pegs
00000010
00000000
00100000
00000001
00000000
01000000
00000000
00100000
