4 Pegs Remain
Total nodes explored: 22405775
Total time: 0:5:0:8
Board 0: 63 Pegs
11111111
11111111
11101111
11111111
11111111
11111111
11111111
11111111
Board 1: 62 Pegs
11101111
11101111
11111111
11111111
11111111
11111111
11111111
11111111
Board 2: 61 Pegs
10011111
11101111
11111111
11111111
11111111
11111111
11111111
11111111
Board 3: 60 Pegs
10011111
10011111
11111111
11111111
11111111
11111111
11111111
11111111
Board 4: 59 Pegs
10100111
10011111
11111111
11111111
11111111
11111111
11111111
11111111
Board 5: 58 Pegs
10101001
10011111
11111111
11111111
11111111
11111111
11111111
11111111
Board 6: 57 Pegs
10101001
11011111
10111111
10111111
11111111
11111111
11111111
11111111
Board 7: 56 Pegs
10101001
00111111
10111111
10111111
11111111
11111111
11111111
11111111
Board 8: 55 Pegs
10101001
10111111
00111111
00111111
11111111
11111111
11111111
11111111
Board 9: 54 Pegs
00101001
00111111
10111111
00111111
11111111
11111111
11111111
11111111
Board 10: 53 Pegs
00101001
00111111
10111111
10111111
01111111
01111111
11111111
11111111
Board 11: 52 Pegs
00101001
00111111
10111111
10111111
01111111
11111111
01111111
01111111
Board 12: 51 Pegs
00101001
00111111
00111111
00111111
11111111
11111111
01111111
01111111
Board 13: 50 Pegs
00101001
00111111
00111111
10111111
01111111
01111111
01111111
01111111
Board 14: 49 Pegs
00101001
00111111
00111111
10111111
01111111
01111111
01111111
10011111
Board 15: 48 Pegs
00101001
00111111
00111111
10111111
01111111
01111111
01111111
10100111
Board 16: 47 Pegs
00101001
00111111
00111111
10111111
01111111
01111111
01111111
10101001
Board 17: 46 Pegs
00101001
00111111
00111111
11111111
00111111
00111111
01111111
10101001
Board 18: 45 Pegs
00101001
01001111
00111111
11111111
00111111
00111111
01111111
10101001
Board 19: 44 Pegs
00101001
01010011
00111111
11111111
00111111
00111111
01111111
10101001
Board 20: 43 Pegs
00101001
01010100
00111111
11111111
00111111
00111111
01111111
10101001
Board 21: 42 Pegs
00101001
01010101
00111110
11111110
00111111
00111111
01111111
10101001
Board 22: 41 Pegs
00101000
01010100
00111111
11111110
00111111
00111111
01111111
10101001
Board 23: 40 Pegs
00101000
01010100
00111111
11111111
00111110
00111110
01111111
10101001
Board 24: 39 Pegs
00101000
01010100
00111111
11111111
00111110
00111111
01111110
10101000
Board 25: 38 Pegs
00101000
01010100
00111110
11111110
00111111
00111111
01111110
10101000
Board 26: 37 Pegs
00101000
01010100
00111110
11111111
00111110
00111110
01111110
10101000
Board 27: 36 Pegs
00101000
01010100
00111110
11111111
00111110
00111110
10011110
10101000
Board 28: 35 Pegs
00101000
01010100
00111110
11111111
00111110
10111110
00011110
00101000
Board 29: 34 Pegs
00101000
01010110
00111100
11111101
00111110
10111110
00011110
00101000
Board 30: 33 Pegs
00101000
01011000
00111100
11111101
00111110
10111110
00011110
00101000
Board 31: 32 Pegs
00101000
01000100
00111100
11111101
00111110
10111110
00011110
00101000
Board 32: 31 Pegs
00101000
01000100
00111100
11111111
00111100
10111100
00011110
00101000
Board 33: 30 Pegs
00101000
01100100
00011100
11011111
00111100
10111100
00011110
00101000
Board 34: 29 Pegs
00001000
01000100
00111100
11011111
00111100
10111100
00011110
00101000
Board 35: 28 Pegs
00001000
01000100
00111100
00111111
00111100
10111100
00011110
00101000
Board 36: 27 Pegs
00001000
01100100
00011100
00011111
00111100
10111100
00011110
00101000
Board 37: 26 Pegs
00001000
00010100
00011100
00011111
00111100
10111100
00011110
00101000
Board 38: 25 Pegs
00001000
00010100
00011100
00111111
00011100
10011100
00011110
00101000
Board 39: 24 Pegs
00001000
00010100
00011100
00111111
00011100
10011100
00011001
00101000
Board 40: 23 Pegs
00001000
00010100
00011100
00111111
00011100
10011100
00000101
00101000
Board 41: 22 Pegs
00001000
00010100
00011100
01001111
00011100
10011100
00000101
00101000
Board 42: 21 Pegs
00001000
00000100
00001100
01011111
00011100
10011100
00000101
00101000
Board 43: 20 Pegs
00001000
00000100
00010000
01011111
00011100
10011100
00000101
00101000
Board 44: 19 Pegs
00001000
00010100
00000000
01001111
00011100
10011100
00000101
00101000
Board 45: 18 Pegs
00001000
00010100
00000000
01011111
00001100
10001100
00000101
00101000
Board 46: 17 Pegs
00001000
00010100
00000000
01011111
00001100
10010000
00000101
00101000
Board 47: 16 Pegs
00001000
00010100
00000100
01011011
00001000
10010000
00000101
00101000
Board 48: 15 Pegs
00001000
00010100
00000100
01011100
00001000
10010000
00000101
00101000
Board 49: 14 Pegs
00001100
00010000
00000000
01011100
00001000
10010000
00000101
00101000
Board 50: 13 Pegs
00010000
00010000
00000000
01011100
00001000
10010000
00000101
00101000
Board 51: 12 Pegs
00000000
00000000
00010000
01011100
00001000
10010000
00000101
00101000
Board 52: 11 Pegs
00000000
00000000
00010000
01100100
00001000
10010000
00000101
00101000
Board 53: 10 Pegs
00000000
00000000
00010000
00010100
00001000
10010000
00000101
00101000
Board 54: 9 Pegs
00000000
00000000
00000000
00000100
00011000
10010000
00000101
00101000
Board 55: 8 Pegs
00000000
00000000
00000000
00000100
00000100
10010000
00000101
00101000
Board 56: 7 Pegs
00000000
00000000
00000000
00000000
00000000
10010100
00000101
00101000
Board 57: 6 Pegs
00000000
00000000
00000000
00000000
00000000
10010000
00000001
00101100
Board 58: 5 Pegs
00000000
00000000
00000000
00000000
00000000
10010000
00000001
00110000
Board 59: 4 Pegs
00000000
00000000
00000000
00000000
00000000
10010000
00000001
00001000
