73 Pegs Remain
Total nodes explored: 10072978
Total time: 0:5:0:20
Board 0: 80 Pegs
111111111
110111111
111111111
111111111
111111111
111111111
111111111
111111111
111111111
Board 1: 79 Pegs
111111111
111001111
111111111
111111111
111111111
111111111
111111111
111111111
111111111
Board 2: 78 Pegs
111111111
111101111
111011111
111011111
111111111
111111111
111111111
111111111
111111111
Board 3: 77 Pegs
111111111
111101111
100111111
111011111
111111111
111111111
111111111
111111111
111111111
Board 4: 76 Pegs
111111111
111101111
100111111
100111111
111111111
111111111
111111111
111111111
111111111
Board 5: 75 Pegs
111111111
111101111
100111111
101111111
110111111
110111111
111111111
111111111
111111111
Board 6: 74 Pegs
111111111
111101111
101001111
101111111
110111111
110111111
111111111
111111111
111111111
Board 7: 73 Pegs
111111111
111101111
101001111
101111111
110111111
111111111
110111111
110111111
111111111
