7 Pegs Remain
Total nodes explored: 22812320
Total time: 0:5:0:3
Board 0: 80 Pegs
111111111
110111111
111111111
111111111
111111111
111111111
111111111
111111111
111111111
Board 1: 79 Pegs
111111111
001111111
111111111
111111111
111111111
111111111
111111111
111111111
111111111
Board 2: 78 Pegs
111111111
010011111
111111111
111111111
111111111
111111111
111111111
111111111
111111111
Board 3: 77 Pegs
111111111
010100111
111111111
111111111
111111111
111111111
111111111
111111111
111111111
Board 4: 76 Pegs
111111111
010101001
111111111
111111111
111111111
111111111
111111111
111111111
111111111
Board 5: 75 Pegs
111111111
110101001
011111111
011111111
111111111
111111111
111111111
111111111
111111111
Board 6: 74 Pegs
011111111
010101001
111111111
011111111
111111111
111111111
111111111
111111111
111111111
Board 7: 73 Pegs
100111111
010101001
111111111
011111111
111111111
111111111
111111111
111111111
111111111
Board 8: 72 Pegs
101001111
010101001
111111111
011111111
111111111
111111111
111111111
111111111
111111111
Board 9: 71 Pegs
101010011
010101001
111111111
011111111
111111111
111111111
111111111
111111111
111111111
Board 10: 70 Pegs
101010100
010101001
111111111
011111111
111111111
111111111
111111111
111111111
111111111
Board 11: 69 Pegs
111010100
000101001
101111111
011111111
111111111
111111111
111111111
111111111
111111111
Board 12: 68 Pegs
100110100
000101001
101111111
011111111
111111111
111111111
111111111
111111111
111111111
Board 13: 67 Pegs
100001100
000101001
101111111
011111111
111111111
111111111
111111111
111111111
111111111
Board 14: 66 Pegs
100000010
000101001
101111111
011111111
111111111
111111111
111111111
111111111
111111111
Board 15: 65 Pegs
100000010
000101001
110011111
011111111
111111111
111111111
111111111
111111111
111111111
Board 16: 64 Pegs
100000010
000101001
001011111
011111111
111111111
111111111
111111111
111111111
111111111
Board 17: 63 Pegs
100000010
000101001
001100111
011111111
111111111
111111111
111111111
111111111
111111111
Board 18: 62 Pegs
100000010
000101001
000010111
011111111
111111111
111111111
111111111
111111111
111111111
Board 19: 61 Pegs
100000010
000101001
000011001
011111111
111111111
111111111
111111111
111111111
111111111
Board 20: 60 Pegs
100000010
000101001
000000101
011111111
111111111
111111111
111111111
111111111
111111111
Board 21: 59 Pegs
100000011
000101000
000000100
011111111
111111111
111111111
111111111
111111111
111111111
Board 22: 58 Pegs
100000100
000101000
000000100
011111111
111111111
111111111
111111111
111111111
111111111
Board 23: 57 Pegs
100000100
000101000
000000100
100111111
111111111
111111111
111111111
111111111
111111111
Board 24: 56 Pegs
100000100
000101000
000000100
101001111
111111111
111111111
111111111
111111111
111111111
Board 25: 55 Pegs
100000100
000101000
000000100
101010011
111111111
111111111
111111111
111111111
111111111
Board 26: 54 Pegs
100000100
000101000
000000100
101010100
111111111
111111111
111111111
111111111
111111111
Board 27: 53 Pegs
100000100
000101100
000000000
101010000
111111111
111111111
111111111
111111111
111111111
Board 28: 52 Pegs
100000000
000101000
000000100
101010000
111111111
111111111
111111111
111111111
111111111
Board 29: 51 Pegs
100000000
000101000
100000100
001010000
011111111
111111111
111111111
111111111
111111111
Board 30: 50 Pegs
100000000
000101000
100000100
001010000
100111111
111111111
111111111
111111111
111111111
Board 31: 49 Pegs
100000000
000101000
100000100
001010000
101001111
111111111
111111111
111111111
111111111
Board 32: 48 Pegs
100000000
000101000
101000100
000010000
100001111
111111111
111111111
111111111
111111111
Board 33: 47 Pegs
100000000
000101000
101000100
000010000
100010011
111111111
111111111
111111111
111111111
Board 34: 46 Pegs
100000000
000101000
101010100
000000000
100000011
111111111
111111111
111111111
111111111
Board 35: 45 Pegs
100000000
000101000
101010100
000000000
100000100
111111111
111111111
111111111
111111111
Board 36: 44 Pegs
100000000
000101000
101010100
100000000
000000100
011111111
111111111
111111111
111111111
Board 37: 43 Pegs
100000000
000101000
001010100
000000000
100000100
011111111
111111111
111111111
111111111
Board 38: 42 Pegs
100000000
000101000
001010100
000000000
100000100
100111111
111111111
111111111
111111111
Board 39: 41 Pegs
100000000
000101000
001010100
100000000
000000100
000111111
111111111
111111111
111111111
Board 40: 40 Pegs
100000000
000101000
001010100
100000000
000000100
001001111
111111111
111111111
111111111
Board 41: 39 Pegs
100000000
000101000
001010100
100000000
000000100
001010011
111111111
111111111
111111111
Board 42: 38 Pegs
100000000
000101000
001010100
100000000
000000100
001010100
111111111
111111111
111111111
Board 43: 37 Pegs
100000000
000101000
001010100
100000100
000000000
001010000
111111111
111111111
111111111
Board 44: 36 Pegs
100000000
000101000
001010000
100000000
000000100
001010000
111111111
111111111
111111111
Board 45: 35 Pegs
100000000
000101000
001010000
100000000
001000100
000010000
110111111
111111111
111111111
Board 46: 34 Pegs
100000000
000101000
001010000
100000000
001000100
000010000
001111111
111111111
111111111
Board 47: 33 Pegs
100000000
000101000
001010000
100000000
001000100
000010000
010011111
111111111
111111111
Board 48: 32 Pegs
100000000
000101000
001010000
100000000
001010100
000000000
010001111
111111111
111111111
Board 49: 31 Pegs
100000000
000101000
001010000
100000000
001010100
000000000
010010011
111111111
111111111
Board 50: 30 Pegs
100000000
000101000
001010000
100000000
001010100
000000000
010010100
111111111
111111111
Board 51: 29 Pegs
100000000
000101000
001010000
100000000
001010100
010000000
000010100
101111111
111111111
Board 52: 28 Pegs
100000000
000101000
001010000
100000000
001010100
010000000
000010100
110011111
111111111
Board 53: 27 Pegs
100000000
000101000
001010000
100000000
001010100
010000000
000010100
001011111
111111111
Board 54: 26 Pegs
100000000
000101000
001010000
100000000
001010100
010010000
000000100
001001111
111111111
Board 55: 25 Pegs
100000000
000101000
001010000
100000000
001000100
010000000
000010100
001001111
111111111
Board 56: 24 Pegs
100000000
000101000
001010000
100000000
001000100
010000100
000010000
001001011
111111111
Board 57: 23 Pegs
100000000
000101000
001010000
100000000
001000000
010000000
000010100
001001011
111111111
Board 58: 22 Pegs
100000000
000101000
001010000
100000000
001000000
010000000
000010100
001001100
111111111
Board 59: 21 Pegs
100000000
000101000
001010000
100000000
001000000
010000000
000010100
001000010
111111111
Board 60: 20 Pegs
100000000
000101000
001010000
100000000
001000000
010000000
001010100
000000010
110111111
Board 61: 19 Pegs
100000000
000101000
001010000
100000000
001000000
010000000
001010100
000000010
111001111
Board 62: 18 Pegs
100000000
000101000
001010000
100000000
001000000
010000000
001010100
000000010
100101111
Board 63: 17 Pegs
100000000
000101000
001010000
100000000
001000000
010000000
001010100
000000010
100110011
Board 64: 16 Pegs
100000000
000101000
001010000
100000000
001000000
010000000
001010100
000000010
100001011
Board 65: 15 Pegs
100000000
000101000
001010000
100000000
001000000
010000000
001010100
000000010
100001100
Board 66: 14 Pegs
100000000
000101000
001010000
100000000
001000000
010000000
001010100
000000010
100000010
Board 67: 13 Pegs
100000000
000101000
001010000
100000000
001000000
010000000
001010110
000000000
100000000
Board 68: 12 Pegs
100000000
000101000
001010000
100000000
001000000
010000000
001011000
000000000
100000000
Board 69: 11 Pegs
100000000
000101000
001010000
100000000
001000000
010000000
001100000
000000000
100000000
Board 70: 10 Pegs
100000000
000101000
001010000
100000000
001000000
010000000
010000000
000000000
100000000
Board 71: 9 Pegs
100000000
000101000
001010000
100000000
011000000
000000000
000000000
000000000
100000000
Board 72: 8 Pegs
100000000
000101000
001010000
100000000
100000000
000000000
000000000
000000000
100000000
Board 73: 7 Pegs
100000000
000101000
001010000
000000000
000000000
100000000
000000000
000000000
100000000
