8 Pegs Remain
Total nodes explored: 18744248
Total time: 0:5:0:5
Board 0: 80 Pegs
111111111
110111111
111111111
111111111
111111111
111111111
111111111
111111111
111111111
Board 1: 79 Pegs
111111111
001111111
111111111
111111111
111111111
111111111
111111111
111111111
111111111
Board 2: 78 Pegs
111111111
101111111
011111111
011111111
111111111
111111111
111111111
111111111
111111111
Board 3: 77 Pegs
011111111
001111111
111111111
011111111
111111111
111111111
111111111
111111111
111111111
Board 4: 76 Pegs
011111111
001111111
111111111
111111111
011111111
011111111
111111111
111111111
111111111
Board 5: 75 Pegs
011111111
001111111
111111111
111111111
011111111
111111111
011111111
011111111
111111111
Board 6: 74 Pegs
011111111
001111111
011111111
011111111
111111111
111111111
011111111
011111111
111111111
Board 7: 73 Pegs
011111111
001111111
011111111
111111111
011111111
011111111
011111111
011111111
111111111
Board 8: 72 Pegs
100111111
001111111
011111111
111111111
011111111
011111111
011111111
011111111
111111111
Board 9: 71 Pegs
101001111
001111111
011111111
111111111
011111111
011111111
011111111
011111111
111111111
Board 10: 70 Pegs
101010011
001111111
011111111
111111111
011111111
011111111
011111111
011111111
111111111
Board 11: 69 Pegs
101010100
001111111
011111111
111111111
011111111
011111111
011111111
011111111
111111111
Board 12: 68 Pegs
101010101
001111110
011111110
111111111
011111111
011111111
011111111
011111111
111111111
Board 13: 67 Pegs
101010101
001111110
011111111
111111110
011111110
011111111
011111111
011111111
111111111
Board 14: 66 Pegs
101010101
001111110
011111111
111111110
011111111
011111110
011111110
011111111
111111111
Board 15: 65 Pegs
101010101
001111110
011111111
111111110
011111111
011111110
011111111
011111110
111111110
Board 16: 64 Pegs
101010101
001111110
011111111
111111110
011111111
011111110
011111111
011111110
111111001
Board 17: 63 Pegs
101010101
001111110
011111111
111111110
011111111
011111110
011111111
011111110
111100101
Board 18: 62 Pegs
101010101
001111110
011111111
111111110
011111111
011111110
011111111
011111110
110010101
Board 19: 61 Pegs
101010101
001111110
011111111
111111110
011111111
011111110
011111111
011111110
001010101
Board 20: 60 Pegs
101010101
001111110
011111111
111111110
011111111
011111110
011111111
011111001
001010101
Board 21: 59 Pegs
101010101
001111110
011111111
111111110
011111111
011111111
011111110
011111000
001010101
Board 22: 58 Pegs
101010101
001111110
011111111
111111111
011111110
011111110
011111110
011111000
001010101
Board 23: 57 Pegs
101010101
001111110
011111110
111111110
011111111
011111110
011111110
011111000
001010101
Board 24: 56 Pegs
101010101
001111110
011111110
111111110
011111111
011111110
011111110
100111000
001010101
Board 25: 55 Pegs
101010101
001111110
011111110
111111110
011111111
011111100
011111100
100111010
001010101
Board 26: 54 Pegs
101010101
001111110
011111110
111111110
011111111
001111100
001111100
110111010
001010101
Board 27: 53 Pegs
101010101
001111110
011111110
111111110
011111111
001111100
001111100
001111010
001010101
Board 28: 52 Pegs
101010101
001111110
011111110
111111110
011111111
001111100
001111100
010011010
001010101
Board 29: 51 Pegs
101010101
001111110
011111110
111111110
011111111
001111100
001111100
010100010
001010101
Board 30: 50 Pegs
101010101
001111110
011111110
111111100
011111101
001111110
001111100
010100010
001010101
Board 31: 49 Pegs
101010101
001111100
011111100
111111110
011111101
001111110
001111100
010100010
001010101
Board 32: 48 Pegs
101010101
011111100
001111100
101111110
011111101
001111110
001111100
010100010
001010101
Board 33: 47 Pegs
101010101
011110010
001111100
101111110
011111101
001111110
001111100
010100010
001010101
Board 34: 46 Pegs
101010101
011001010
001111100
101111110
011111101
001111110
001111100
010100010
001010101
Board 35: 45 Pegs
101010101
000101010
001111100
101111110
011111101
001111110
001111100
010100010
001010101
Board 36: 44 Pegs
101010101
000101010
001111100
101111110
011111101
001111110
001110010
010100010
001010101
Board 37: 43 Pegs
101010101
000101010
001111100
101111110
011111111
001111100
001110000
010100010
001010101
Board 38: 42 Pegs
101010101
000101010
001111100
101111100
011111101
001111110
001110000
010100010
001010101
Board 39: 41 Pegs
101010101
000101010
001111100
101111100
011111101
001111110
010010000
010100010
001010101
Board 40: 40 Pegs
101010101
000101010
001111100
101111100
011111101
011111110
000010000
000100010
001010101
Board 41: 39 Pegs
101010101
000101010
001111100
111111100
001111101
001111110
000010000
000100010
001010101
Board 42: 38 Pegs
101010101
000101110
001111000
111111000
001111101
001111110
000010000
000100010
001010101
Board 43: 37 Pegs
101010001
000101010
001111100
111111000
001111101
001111110
000010000
000100010
001010101
Board 44: 36 Pegs
101010001
000101010
001111100
111111100
001111001
001111010
000010000
000100010
001010101
Board 45: 35 Pegs
101010001
000101010
001111000
111111000
001111101
001111010
000010000
000100010
001010101
Board 46: 34 Pegs
101010001
001101010
000111000
110111000
001111101
001111010
000010000
000100010
001010101
Board 47: 33 Pegs
100010001
000101010
001111000
110111000
001111101
001111010
000010000
000100010
001010101
Board 48: 32 Pegs
100010001
000101010
001111000
001111000
001111101
001111010
000010000
000100010
001010101
Board 49: 31 Pegs
100010001
001101010
000111000
000111000
001111101
001111010
000010000
000100010
001010101
Board 50: 30 Pegs
100010001
000011010
000111000
000111000
001111101
001111010
000010000
000100010
001010101
Board 51: 29 Pegs
100010001
000100010
000111000
000111000
001111101
001111010
000010000
000100010
001010101
Board 52: 28 Pegs
100010001
000100010
000111000
001111000
000111101
000111010
000010000
000100010
001010101
Board 53: 27 Pegs
100010001
000101010
000110000
001110000
000111101
000111010
000010000
000100010
001010101
Board 54: 26 Pegs
100010001
000101010
000001000
001110000
000111101
000111010
000010000
000100010
001010101
Board 55: 25 Pegs
100010001
000100010
000000000
001111000
000111101
000111010
000010000
000100010
001010101
Board 56: 24 Pegs
100010001
000100010
000000000
010011000
000111101
000111010
000010000
000100010
001010101
Board 57: 23 Pegs
100010001
000100010
000000000
010100000
000111101
000111010
000010000
000100010
001010101
Board 58: 22 Pegs
100010001
000100010
000000000
010100000
000111101
000101010
000000000
000110010
001010101
Board 59: 21 Pegs
100010001
000100010
000000000
010100000
000110101
000100010
000001000
000110010
001010101
Board 60: 20 Pegs
100010001
000100010
000000000
010100000
000001101
000100010
000001000
000110010
001010101
Board 61: 19 Pegs
100010001
000100010
000000000
010100000
000000011
000100010
000001000
000110010
001010101
Board 62: 18 Pegs
100010001
000100010
000000000
010100000
000000001
000100000
000001010
000110010
001010101
Board 63: 17 Pegs
100010001
000100010
000000000
010100000
000000001
000100000
000001000
000110000
001010111
Board 64: 16 Pegs
100010001
000100010
000000000
010100000
000000001
000100000
000001000
000110000
001011001
Board 65: 15 Pegs
100010001
000100010
000000000
010100000
000000001
000100000
000001000
000110000
001100001
Board 66: 14 Pegs
100010001
000100010
000000000
010100000
000000001
000100000
000001000
000110000
000010001
Board 67: 13 Pegs
100010001
000100010
000000000
010100000
000000001
000100000
000011000
000100000
000000001
Board 68: 12 Pegs
100010001
000100010
000000000
010100000
000000001
000100000
000100000
000100000
000000001
Board 69: 11 Pegs
100010001
000100010
000000000
010100000
000100001
000000000
000000000
000100000
000000001
Board 70: 10 Pegs
100010001
000100010
000100000
010000000
000000001
000000000
000000000
000100000
000000001
Board 71: 9 Pegs
100110001
000000010
000000000
010000000
000000001
000000000
000000000
000100000
000000001
Board 72: 8 Pegs
100001001
000000010
000000000
010000000
000000001
000000000
000000000
000100000
000000001
