5 Pegs Remain
Total nodes explored: 22227147
Total time: 0:5:0:2
Board 0: 40 Pegs
888818888
888111888
881111188
811111118
111101111
811111118
881111188
888111888
888818888
Board 1: 39 Pegs
888818888
888111888
881101188
811101118
111111111
811111118
881111188
888111888
888818888
Board 2: 38 Pegs
888808888
888101888
881111188
811101118
111111111
811111118
881111188
888111888
888818888
Board 3: 37 Pegs
888808888
888101888
881111188
810011118
111111111
811111118
881111188
888111888
888818888
Board 4: 36 Pegs
888808888
888001888
881011188
810111118
111111111
811111118
881111188
888111888
888818888
Board 5: 35 Pegs
888808888
888001888
881100188
810111118
111111111
811111118
881111188
888111888
888818888
Board 6: 34 Pegs
888808888
888001888
880010188
810111118
111111111
811111118
881111188
888111888
888818888
Board 7: 33 Pegs
888808888
888001888
880010188
811001118
111111111
811111118
881111188
888111888
888818888
Board 8: 32 Pegs
888808888
888001888
880010188
800101118
111111111
811111118
881111188
888111888
888818888
Board 9: 31 Pegs
888808888
888001888
880010188
800110018
111111111
811111118
881111188
888111888
888818888
Board 10: 30 Pegs
888808888
888001888
880010188
800001018
111111111
811111118
881111188
888111888
888818888
Board 11: 29 Pegs
888808888
888001888
880011188
800000018
111110111
811111118
881111188
888111888
888818888
Board 12: 28 Pegs
888808888
888000888
880010188
800001018
111110111
811111118
881111188
888111888
888818888
Board 13: 27 Pegs
888808888
888000888
880010188
800001018
111001111
811111118
881111188
888111888
888818888
Board 14: 26 Pegs
888808888
888000888
880010188
800001018
100101111
811111118
881111188
888111888
888818888
Board 15: 25 Pegs
888808888
888000888
880011188
800000018
100100111
811111118
881111188
888111888
888818888
Board 16: 24 Pegs
888808888
888000888
880100188
800000018
100100111
811111118
881111188
888111888
888818888
Board 17: 23 Pegs
888808888
888000888
880100188
800000018
100101001
811111118
881111188
888111888
888818888
Board 18: 22 Pegs
888808888
888000888
880100188
800100018
100001001
811011118
881111188
888111888
888818888
Board 19: 21 Pegs
888808888
888000888
880000188
800000018
100101001
811011118
881111188
888111888
888818888
Board 20: 20 Pegs
888808888
888000888
880000188
800000018
100101001
800111118
881111188
888111888
888818888
Board 21: 19 Pegs
888808888
888000888
880000188
800000018
100101001
801001118
881111188
888111888
888818888
Board 22: 18 Pegs
888808888
888000888
880000188
800000018
100101001
801010018
881111188
888111888
888818888
Board 23: 17 Pegs
888808888
888000888
880000188
800000018
101101001
800010018
880111188
888111888
888818888
Board 24: 16 Pegs
888808888
888000888
880000188
800000018
100011001
800010018
880111188
888111888
888818888
Board 25: 15 Pegs
888808888
888000888
880000188
800000018
100100001
800010018
880111188
888111888
888818888
Board 26: 14 Pegs
888808888
888000888
880000188
800000018
100100001
800110018
880011188
888011888
888818888
Board 27: 13 Pegs
888808888
888000888
880000188
800000018
100000001
800010018
880111188
888011888
888818888
Board 28: 12 Pegs
888808888
888000888
880000188
800000018
100000001
800011018
880110188
888010888
888818888
Board 29: 11 Pegs
888808888
888000888
880000188
800000018
100000001
800011018
880001188
888010888
888818888
Board 30: 10 Pegs
888808888
888000888
880000188
800000018
100000001
800011018
880011188
888000888
888808888
Board 31: 9 Pegs
888808888
888000888
880000188
800000018
100000001
800001018
880001188
888010888
888808888
Board 32: 8 Pegs
888808888
888000888
880000188
800000018
100000001
800001018
880010088
888010888
888808888
Board 33: 7 Pegs
888808888
888000888
880000188
800000018
100000001
800011018
880000088
888000888
888808888
Board 34: 6 Pegs
888808888
888000888
880000188
800000018
100000001
800000118
880000088
888000888
888808888
Board 35: 5 Pegs
888808888
888000888
880000188
800000018
100000001
800001008
880000088
888000888
888808888
