4 Pegs Remain
Total nodes explored: 26332219
Total time: 0:5:0:1
Board 0: 38 Pegs
88111888
88111888
88111888
11111111
11101111
11111111
88111888
88111888
Board 1: 37 Pegs
88111888
88111888
88101888
11101111
11111111
11111111
88111888
88111888
Board 2: 36 Pegs
88101888
88101888
88111888
11101111
11111111
11111111
88111888
88111888
Board 3: 35 Pegs
88101888
88101888
88111888
10011111
11111111
11111111
88111888
88111888
Board 4: 34 Pegs
88101888
88001888
88011888
10111111
11111111
11111111
88111888
88111888
Board 5: 33 Pegs
88101888
88001888
88100888
10111111
11111111
11111111
88111888
88111888
Board 6: 32 Pegs
88100888
88000888
88101888
10111111
11111111
11111111
88111888
88111888
Board 7: 31 Pegs
88100888
88100888
88001888
10011111
11111111
11111111
88111888
88111888
Board 8: 30 Pegs
88000888
88000888
88101888
10011111
11111111
11111111
88111888
88111888
Board 9: 29 Pegs
88000888
88000888
88101888
10100111
11111111
11111111
88111888
88111888
Board 10: 28 Pegs
88000888
88100888
88001888
10000111
11111111
11111111
88111888
88111888
Board 11: 27 Pegs
88000888
88100888
88001888
10001001
11111111
11111111
88111888
88111888
Board 12: 26 Pegs
88000888
88101888
88000888
10000001
11111111
11111111
88111888
88111888
Board 13: 25 Pegs
88000888
88101888
88000888
11000001
10111111
10111111
88111888
88111888
Board 14: 24 Pegs
88000888
88101888
88000888
00100001
10111111
10111111
88111888
88111888
Board 15: 23 Pegs
88000888
88101888
88100888
00000001
10011111
10111111
88111888
88111888
Board 16: 22 Pegs
88000888
88001888
88000888
00100001
10011111
10111111
88111888
88111888
Board 17: 21 Pegs
88000888
88001888
88000888
00100001
10100111
10111111
88111888
88111888
Board 18: 20 Pegs
88000888
88001888
88100888
00000001
10000111
10111111
88111888
88111888
Board 19: 19 Pegs
88000888
88001888
88100888
00000001
10001001
10111111
88111888
88111888
Board 20: 18 Pegs
88000888
88001888
88100888
10000001
00001001
00111111
88111888
88111888
Board 21: 17 Pegs
88000888
88001888
88100888
10000001
00011001
00101111
88101888
88111888
Board 22: 16 Pegs
88000888
88001888
88100888
10000001
00100001
00101111
88101888
88111888
Board 23: 15 Pegs
88000888
88001888
88100888
10100001
00000001
00001111
88101888
88111888
Board 24: 14 Pegs
88000888
88001888
88000888
10000001
00100001
00001111
88101888
88111888
Board 25: 13 Pegs
88000888
88001888
88000888
10000001
00100001
00010011
88101888
88111888
Board 26: 12 Pegs
88000888
88001888
88000888
10000001
00100001
00010100
88101888
88111888
Board 27: 11 Pegs
88000888
88001888
88000888
10000000
00100000
00010101
88101888
88111888
Board 28: 10 Pegs
88000888
88001888
88000888
10000000
00100000
00110101
88001888
88011888
Board 29: 9 Pegs
88000888
88001888
88000888
10000000
00000000
00010101
88101888
88011888
Board 30: 8 Pegs
88000888
88001888
88000888
10000000
00000000
00010101
88101888
88100888
Board 31: 7 Pegs
88000888
88001888
88000888
10000000
00000000
00110101
88001888
88000888
Board 32: 6 Pegs
88000888
88001888
88000888
10000000
00000000
00001101
88001888
88000888
Board 33: 5 Pegs
88000888
88001888
88000888
10000000
00000000
00000011
88001888
88000888
Board 34: 4 Pegs
88000888
88001888
88000888
10000000
00000000
00000100
88001888
88000888
