3 Pegs Remain
Total nodes explored: 30150781
Total time: 0:5:0:1
Board 0: 36 Pegs
8811188
8111118
1110111
1111111
1111111
8111118
8811188
Board 1: 35 Pegs
8810188
8110118
1111111
1111111
1111111
8111118
8811188
Board 2: 34 Pegs
8810188
8001118
1111111
1111111
1111111
8111118
8811188
Board 3: 33 Pegs
8810188
8010018
1111111
1111111
1111111
8111118
8811188
Board 4: 32 Pegs
8810188
8110018
1011111
1011111
1111111
8111118
8811188
Board 5: 31 Pegs
8810188
8001018
1011111
1011111
1111111
8111118
8811188
Board 6: 30 Pegs
8810188
8001018
1100111
1011111
1111111
8111118
8811188
Board 7: 29 Pegs
8810188
8001018
0010111
1011111
1111111
8111118
8811188
Board 8: 28 Pegs
8810188
8001018
0011001
1011111
1111111
8111118
8811188
Board 9: 27 Pegs
8810188
8001018
0000101
1011111
1111111
8111118
8811188
Board 10: 26 Pegs
8810188
8001018
0000101
1100111
1111111
8111118
8811188
Board 11: 25 Pegs
8810188
8001018
0000101
0010111
1111111
8111118
8811188
Board 12: 24 Pegs
8810188
8001118
0000001
0010011
1111111
8111118
8811188
Board 13: 23 Pegs
8810088
8001018
0000101
0010011
1111111
8111118
8811188
Board 14: 22 Pegs
8810088
8001018
0000101
0010100
1111111
8111118
8811188
Board 15: 21 Pegs
8810088
8001118
0000001
0010000
1111111
8111118
8811188
Board 16: 20 Pegs
8810088
8010018
0000001
0010000
1111111
8111118
8811188
Board 17: 19 Pegs
8800088
8000018
0010001
0010000
1111111
8111118
8811188
Board 18: 18 Pegs
8800088
8010018
0000001
0000000
1111111
8111118
8811188
Board 19: 17 Pegs
8800088
8010018
0000001
0010000
1101111
8101118
8811188
Board 20: 16 Pegs
8800088
8010018
0000001
0010000
0011111
8101118
8811188
Board 21: 15 Pegs
8800088
8010018
0010001
0000000
0001111
8101118
8811188
Board 22: 14 Pegs
8800088
8000018
0000001
0010000
0001111
8101118
8811188
Board 23: 13 Pegs
8800088
8000018
0000001
0010000
0001111
8110018
8811188
Board 24: 12 Pegs
8800088
8000018
0000001
0010010
0001101
8110008
8811188
Board 25: 11 Pegs
8800088
8000018
0000001
0010010
0000011
8110008
8811188
Board 26: 10 Pegs
8800088
8000018
0000001
0010010
0000100
8110008
8811188
Board 27: 9 Pegs
8800088
8000018
0000001
0010010
0010100
8100008
8801188
Board 28: 8 Pegs
8800088
8000018
0000001
0000010
0000100
8110008
8801188
Board 29: 7 Pegs
8800088
8000018
0000001
0000010
0000100
8001008
8801188
Board 30: 6 Pegs
8800088
8000018
0000001
0000010
0001100
8000008
8800188
Board 31: 5 Pegs
8800088
8000018
0000001
0000010
0000010
8000008
8800188
Board 32: 4 Pegs
8800088
8000018
0000011
0000000
0000000
8000008
8800188
Board 33: 3 Pegs
8800088
8000008
0000001
0000010
0000000
8000008
8800188
