37 Pegs Remain
Total nodes explored: 8675013
Total time: 0:5:0:17
Board 0: 44 Pegs
888111888
888111888
888111888
111111111
111101111
111111111
888111888
888111888
888111888
Board 1: 43 Pegs
888111888
888111888
888111888
111111111
111110011
111111111
888111888
888111888
888111888
Board 2: 42 Pegs
888111888
888111888
888111888
111111111
111111011
111110111
888110888
888111888
888111888
Board 3: 41 Pegs
888111888
888111888
888111888
111111111
111100111
111110111
888110888
888111888
888111888
Board 4: 40 Pegs
888111888
888111888
888111888
111111111
111100111
111110111
888111888
888110888
888110888
Board 5: 39 Pegs
888111888
888111888
888110888
111110111
111101111
111110111
888111888
888110888
888110888
Board 6: 38 Pegs
888111888
888111888
888110888
111110111
111101111
111110111
888111888
888001888
888110888
Board 7: 37 Pegs
888111888
888111888
888110888
111110111
111101111
111110111
888111888
888001888
888001888
