5 Pegs Remain
Total nodes explored: 18115547
Total time: 0:5:0:1
Board 0: 40 Pegs
888818888
888111888
881111188
811111118
111101111
811111118
881111188
888111888
888818888
Board 1: 39 Pegs
888818888
888111888
881111188
811111118
111111111
811101118
881101188
888111888
888818888
Board 2: 38 Pegs
888818888
888111888
881111188
811111118
111111111
811101118
881111188
888101888
888808888
Board 3: 37 Pegs
888818888
888111888
881111188
811111118
111111111
811110018
881111188
888101888
888808888
Board 4: 36 Pegs
888818888
888111888
881111188
811111118
111111111
811111018
881110188
888100888
888808888
Board 5: 35 Pegs
888818888
888111888
881111188
811111118
111111111
811111018
881001188
888100888
888808888
Board 6: 34 Pegs
888818888
888111888
881111188
811111118
111111111
811111018
881010088
888100888
888808888
Board 7: 33 Pegs
888818888
888111888
881111188
811111018
111111011
811111118
881010088
888100888
888808888
Board 8: 32 Pegs
888818888
888111888
881111188
811111018
111111100
811111118
881010088
888100888
888808888
Board 9: 31 Pegs
888818888
888111888
881111188
811111118
111111000
811111018
881010088
888100888
888808888
Board 10: 30 Pegs
888818888
888111888
881111088
811111018
111111100
811111018
881010088
888100888
888808888
Board 11: 29 Pegs
888818888
888111888
881100188
811111018
111111100
811111018
881010088
888100888
888808888
Board 12: 28 Pegs
888808888
888101888
881110188
811111018
111111100
811111018
881010088
888100888
888808888
Board 13: 27 Pegs
888808888
888101888
881001188
811111018
111111100
811111018
881010088
888100888
888808888
Board 14: 26 Pegs
888808888
888101888
881010088
811111018
111111100
811111018
881010088
888100888
888808888
Board 15: 25 Pegs
888808888
888101888
881010088
811111018
111111100
811101018
881000088
888110888
888808888
Board 16: 24 Pegs
888808888
888101888
881010088
811111018
111111100
810011018
881000088
888110888
888808888
Board 17: 23 Pegs
888808888
888101888
881010088
811111018
111111100
810011018
881000088
888001888
888808888
Board 18: 22 Pegs
888808888
888101888
881010088
810111018
110111100
811011018
881000088
888001888
888808888
Board 19: 21 Pegs
888808888
888101888
881010088
810111018
001111100
811011018
881000088
888001888
888808888
Board 20: 20 Pegs
888808888
888101888
881010088
810111018
001111100
800111018
881000088
888001888
888808888
Board 21: 19 Pegs
888808888
888101888
881010088
810111018
001111100
801001018
881000088
888001888
888808888
Board 22: 18 Pegs
888808888
888101888
881010088
811111018
000111100
800001018
881000088
888001888
888808888
Board 23: 17 Pegs
888808888
888101888
881010088
811111018
000110100
800000018
881001088
888001888
888808888
Board 24: 16 Pegs
888808888
888101888
881010088
811111018
000110100
800001018
881000088
888000888
888808888
Board 25: 15 Pegs
888808888
888101888
881110088
811011018
000010100
800001018
881000088
888000888
888808888
Board 26: 14 Pegs
888808888
888101888
881110088
800111018
000010100
800001018
881000088
888000888
888808888
Board 27: 13 Pegs
888808888
888101888
881110088
801001018
000010100
800001018
881000088
888000888
888808888
Board 28: 12 Pegs
888808888
888001888
881010088
801101018
000010100
800001018
881000088
888000888
888808888
Board 29: 11 Pegs
888808888
888001888
881010088
800011018
000010100
800001018
881000088
888000888
888808888
Board 30: 10 Pegs
888808888
888001888
881010088
800001018
000000100
800011018
881000088
888000888
888808888
Board 31: 9 Pegs
888808888
888001888
881010088
800001018
000000100
800000118
881000088
888000888
888808888
Board 32: 8 Pegs
888808888
888001888
881010088
800001118
000000000
800000018
881000088
888000888
888808888
Board 33: 7 Pegs
888808888
888001888
881010088
800010018
000000000
800000018
881000088
888000888
888808888
Board 34: 6 Pegs
888808888
888011888
881000088
800000018
000000000
800000018
881000088
888000888
888808888
Board 35: 5 Pegs
888808888
888100888
881000088
800000018
000000000
800000018
881000088
888000888
888808888
