30 Pegs Remain
Total nodes explored: 12173379
Total time: 0:5:0:21
Board 0: 38 Pegs
88111888
88111888
88111888
11111111
11101111
11111111
88111888
88111888
Board 1: 37 Pegs
88111888
88111888
88111888
11111111
11111111
11101111
88101888
88111888
Board 2: 36 Pegs
88111888
88111888
88111888
11111111
11111111
10011111
88101888
88111888
Board 3: 35 Pegs
88111888
88111888
88111888
11111111
11101111
10001111
88111888
88111888
Board 4: 34 Pegs
88111888
88111888
88111888
10111111
10101111
11001111
88111888
88111888
Board 5: 33 Pegs
88111888
88111888
88111888
10111111
10101111
11010011
88111888
88111888
Board 6: 32 Pegs
88111888
88111888
88111888
10111111
10101111
11011011
88110888
88110888
Board 7: 31 Pegs
88111888
88111888
88111888
10111111
10101111
11011100
88110888
88110888
Board 8: 30 Pegs
88111888
88111888
88111888
10111111
10101111
11111100
88010888
88010888
