1 Pegs Remain
Total nodes explored: 13160312
Total time: 0:0:0:366
Board 0: 32 Pegs
8811188
8811188
1111111
1110111
1111111
8811188
8811188
Board 1: 31 Pegs
8811188
8810188
1110111
1111111
1111111
8811188
8811188
Board 2: 30 Pegs
8811188
8810188
1001111
1111111
1111111
8811188
8811188
Board 3: 29 Pegs
8801188
8800188
1011111
1111111
1111111
8811188
8811188
Board 4: 28 Pegs
8810088
8800188
1011111
1111111
1111111
8811188
8811188
Board 5: 27 Pegs
8810088
8800188
1100111
1111111
1111111
8811188
8811188
Board 6: 26 Pegs
8810088
8800188
0010111
1111111
1111111
8811188
8811188
Board 7: 25 Pegs
8810188
8800088
0010011
1111111
1111111
8811188
8811188
Board 8: 24 Pegs
8810188
8800088
0010100
1111111
1111111
8811188
8811188
Board 9: 23 Pegs
8810188
8810088
0000100
1101111
1111111
8811188
8811188
Board 10: 22 Pegs
8800188
8800088
0010100
1101111
1111111
8811188
8811188
Board 11: 21 Pegs
8800188
8800088
0010100
0011111
1111111
8811188
8811188
Board 12: 20 Pegs
8800188
8810088
0000100
0001111
1111111
8811188
8811188
Board 13: 19 Pegs
8800188
8810088
0000100
0010011
1111111
8811188
8811188
Board 14: 18 Pegs
8800188
8810088
0000100
0010100
1111111
8811188
8811188
Board 15: 17 Pegs
8800188
8810188
0000000
0010000
1111111
8811188
8811188
Board 16: 16 Pegs
8800088
8810088
0000100
0010000
1111111
8811188
8811188
Board 17: 15 Pegs
8800088
8810088
0010100
0000000
1101111
8811188
8811188
Board 18: 14 Pegs
8800088
8800088
0000100
0010000
1101111
8811188
8811188
Board 19: 13 Pegs
8800088
8800088
0000100
0010000
0011111
8811188
8811188
Board 20: 12 Pegs
8800088
8800088
0000100
0010000
0100111
8811188
8811188
Board 21: 11 Pegs
8800088
8800088
0000100
0010100
0100011
8811088
8811188
Board 22: 10 Pegs
8800088
8800088
0000100
0010100
0100100
8811088
8811188
Board 23: 9 Pegs
8800088
8800088
0000100
0010100
0110100
8801088
8801188
Board 24: 8 Pegs
8800088
8800088
0000100
0000100
0100100
8811088
8801188
Board 25: 7 Pegs
8800088
8800088
0000100
0000100
0100100
8811088
8810088
Board 26: 6 Pegs
8800088
8800088
0000100
0000100
0110100
8801088
8800088
Board 27: 5 Pegs
8800088
8800088
0000100
0000100
0001100
8801088
8800088
Board 28: 4 Pegs
8800088
8800088
0000100
0000100
0000010
8801088
8800088
Board 29: 3 Pegs
8800088
8800088
0000000
0000000
0000110
8801088
8800088
Board 30: 2 Pegs
8800088
8800088
0000000
0000000
0001000
8801088
8800088
Board 31: 1 Pegs
8800088
8800088
0000000
0000000
0000000
8800088
8801088
