3 Pegs Remain
Total nodes explored: 22608051
Total time: 0:5:0:1
Board 0: 38 Pegs
88111888
88111888
88111888
11111111
11101111
11111111
88111888
88111888
Board 1: 37 Pegs
88111888
88111888
88111888
11111111
11111111
11101111
88101888
88111888
Board 2: 36 Pegs
88111888
88111888
88111888
11111111
11111111
10011111
88101888
88111888
Board 3: 35 Pegs
88111888
88111888
88111888
11111111
11111111
10111111
88001888
88011888
Board 4: 34 Pegs
88111888
88111888
88111888
11111111
11111111
10111111
88001888
88100888
Board 5: 33 Pegs
88111888
88111888
88111888
10111111
10111111
11111111
88001888
88100888
Board 6: 32 Pegs
88111888
88111888
88111888
10111111
10011111
11011111
88101888
88100888
Board 7: 31 Pegs
88111888
88111888
88111888
10111111
10011111
11111111
88001888
88000888
Board 8: 30 Pegs
88111888
88111888
88011888
10011111
10111111
11111111
88001888
88000888
Board 9: 29 Pegs
88011888
88011888
88111888
10011111
10111111
11111111
88001888
88000888
Board 10: 28 Pegs
88100888
88011888
88111888
10011111
10111111
11111111
88001888
88000888
Board 11: 27 Pegs
88100888
88011888
88111888
10111111
10011111
11011111
88001888
88000888
Board 12: 26 Pegs
88100888
88011888
88111888
10111111
10011111
00111111
88001888
88000888
Board 13: 25 Pegs
88100888
88011888
88111888
00111111
00011111
10111111
88001888
88000888
Board 14: 24 Pegs
88100888
88011888
88011888
00011111
00111111
10111111
88001888
88000888
Board 15: 23 Pegs
88100888
88011888
88011888
00111111
00011111
10011111
88001888
88000888
Board 16: 22 Pegs
88100888
88100888
88011888
00111111
00011111
10011111
88001888
88000888
Board 17: 21 Pegs
88000888
88000888
88111888
00111111
00011111
10011111
88001888
88000888
Board 18: 20 Pegs
88000888
88000888
88011888
00011111
00111111
10011111
88001888
88000888
Board 19: 19 Pegs
88000888
88010888
88001888
00001111
00111111
10011111
88001888
88000888
Board 20: 18 Pegs
88000888
88010888
88001888
00011111
00101111
10001111
88001888
88000888
Board 21: 17 Pegs
88000888
88010888
88001888
00011111
00101111
10010011
88001888
88000888
Board 22: 16 Pegs
88000888
88010888
88001888
00011111
00101111
10010100
88001888
88000888
Board 23: 15 Pegs
88000888
88010888
88001888
00011110
00101110
10010101
88001888
88000888
Board 24: 14 Pegs
88000888
88010888
88001888
00011100
00101100
10010111
88001888
88000888
Board 25: 13 Pegs
88000888
88010888
88001888
00011100
00101100
10011001
88001888
88000888
Board 26: 12 Pegs
88000888
88010888
88001888
00011000
00101000
10011101
88001888
88000888
Board 27: 11 Pegs
88000888
88010888
88001888
00011000
00101000
10100101
88001888
88000888
Board 28: 10 Pegs
88000888
88010888
88001888
00010000
00100000
10101101
88001888
88000888
Board 29: 9 Pegs
88000888
88010888
88001888
00010000
00100000
10110001
88001888
88000888
Board 30: 8 Pegs
88000888
88010888
88001888
00010000
00100000
11000001
88001888
88000888
Board 31: 7 Pegs
88000888
88010888
88001888
00010000
00100000
00100001
88001888
88000888
Board 32: 6 Pegs
88000888
88010888
88001888
00110000
00000000
00000001
88001888
88000888
Board 33: 5 Pegs
88000888
88010888
88001888
00001000
00000000
00000001
88001888
88000888
Board 34: 4 Pegs
88000888
88011888
88000888
00000000
00000000
00000001
88001888
88000888
Board 35: 3 Pegs
88000888
88100888
88000888
00000000
00000000
00000001
88001888
88000888
