4 Pegs Remain
Total nodes explored: 17412443
Total time: 0:5:0:1
Board 0: 44 Pegs
888111888
888111888
888111888
111111111
111101111
111111111
888111888
888111888
888111888
Board 1: 43 Pegs
888111888
888111888
888111888
111111111
111111111
111101111
888101888
888111888
888111888
Board 2: 42 Pegs
888111888
888111888
888111888
111111111
111111111
111101111
888111888
888101888
888101888
Board 3: 41 Pegs
888111888
888111888
888111888
111111111
111111111
111110011
888111888
888101888
888101888
Board 4: 40 Pegs
888111888
888111888
888111888
111111111
111111111
111110100
888111888
888101888
888101888
Board 5: 39 Pegs
888111888
888111888
888111888
111111111
111111111
111111100
888110888
888100888
888101888
Board 6: 38 Pegs
888111888
888111888
888111888
111111110
111111110
111111101
888110888
888100888
888101888
Board 7: 37 Pegs
888111888
888111888
888111888
111111100
111111100
111111111
888110888
888100888
888101888
Board 8: 36 Pegs
888111888
888111888
888111888
111111100
111111100
111111111
888001888
888100888
888101888
Board 9: 35 Pegs
888111888
888111888
888111888
111111100
111111100
111111111
888101888
888000888
888001888
Board 10: 34 Pegs
888111888
888111888
888111888
111111100
111111100
111110111
888100888
888001888
888001888
Board 11: 33 Pegs
888111888
888111888
888111888
111111100
111111100
111110111
888101888
888000888
888000888
Board 12: 32 Pegs
888111888
888111888
888111888
111111100
111111100
111111001
888101888
888000888
888000888
Board 13: 31 Pegs
888111888
888111888
888111888
111111000
111111000
111111101
888101888
888000888
888000888
Board 14: 30 Pegs
888111888
888111888
888111888
111111000
111111000
111110101
888100888
888001888
888000888
Board 15: 29 Pegs
888111888
888111888
888111888
111111000
111111000
111010101
888000888
888101888
888000888
Board 16: 28 Pegs
888111888
888111888
888111888
111111000
111111000
100110101
888000888
888101888
888000888
Board 17: 27 Pegs
888111888
888111888
888111888
101111000
101111000
110110101
888000888
888101888
888000888
Board 18: 26 Pegs
888111888
888111888
888111888
101111000
101111000
001110101
888000888
888101888
888000888
Board 19: 25 Pegs
888111888
888111888
888111888
001111000
001111000
101110101
888000888
888101888
888000888
Board 20: 24 Pegs
888111888
888111888
888111888
001111000
001111000
110010101
888000888
888101888
888000888
Board 21: 23 Pegs
888111888
888111888
888111888
001111000
001111000
001010101
888000888
888101888
888000888
Board 22: 22 Pegs
888111888
888111888
888111888
001110000
001110000
001011101
888000888
888101888
888000888
Board 23: 21 Pegs
888111888
888110888
888110888
001111000
001110000
001011101
888000888
888101888
888000888
Board 24: 20 Pegs
888111888
888001888
888110888
001111000
001110000
001011101
888000888
888101888
888000888
Board 25: 19 Pegs
888110888
888000888
888111888
001111000
001110000
001011101
888000888
888101888
888000888
Board 26: 18 Pegs
888001888
888000888
888111888
001111000
001110000
001011101
888000888
888101888
888000888
Board 27: 17 Pegs
888001888
888000888
888110888
001110000
001111000
001011101
888000888
888101888
888000888
Board 28: 16 Pegs
888001888
888000888
888001888
001110000
001111000
001011101
888000888
888101888
888000888
Board 29: 15 Pegs
888001888
888000888
888001888
001111000
001110000
001010101
888000888
888101888
888000888
Board 30: 14 Pegs
888001888
888000888
888000888
001110000
001111000
001010101
888000888
888101888
888000888
Board 31: 13 Pegs
888001888
888000888
888000888
010010000
001111000
001010101
888000888
888101888
888000888
Board 32: 12 Pegs
888001888
888000888
888000888
011010000
000111000
000010101
888000888
888101888
888000888
Board 33: 11 Pegs
888001888
888000888
888000888
000110000
000111000
000010101
888000888
888101888
888000888
Board 34: 10 Pegs
888001888
888000888
888000888
000010000
000011000
000110101
888000888
888101888
888000888
Board 35: 9 Pegs
888001888
888000888
888000888
000010000
000011000
000001101
888000888
888101888
888000888
Board 36: 8 Pegs
888001888
888000888
888000888
000010000
000010000
000000101
888001888
888101888
888000888
Board 37: 7 Pegs
888001888
888000888
888000888
000010000
000010000
000001101
888000888
888100888
888000888
Board 38: 6 Pegs
888001888
888000888
888000888
000010000
000010000
000000011
888000888
888100888
888000888
Board 39: 5 Pegs
888001888
888000888
888000888
000010000
000010000
000000100
888000888
888100888
888000888
Board 40: 4 Pegs
888001888
888000888
888000888
000000000
000000000
000010100
888000888
888100888
888000888
