33 Pegs Remain
Total nodes explored: 9561096
Total time: 0:5:0:27
Board 0: 40 Pegs
888818888
888111888
881111188
811111118
111101111
811111118
881111188
888111888
888818888
Board 1: 39 Pegs
888818888
888111888
881111188
811111118
110011111
811111118
881111188
888111888
888818888
Board 2: 38 Pegs
888818888
888111888
881111188
811111118
110111111
811011118
881011188
888111888
888818888
Board 3: 37 Pegs
888818888
888111888
880111188
810111118
111111111
811011118
881011188
888111888
888818888
Board 4: 36 Pegs
888818888
888111888
880111188
810111118
111111111
811011118
881100188
888111888
888818888
Board 5: 35 Pegs
888818888
888111888
880111188
810111118
111101111
811001118
881110188
888111888
888818888
Board 6: 34 Pegs
888818888
888111888
880111188
810111118
111101111
811011118
881100188
888101888
888818888
Board 7: 33 Pegs
888818888
888111888
880111188
810111118
111101111
811111118
881000188
888001888
888818888
