5 Pegs Remain
Total nodes explored: 25467759
Total time: 0:5:0:3
Board 0: 36 Pegs
8811188
8111118
1110111
1111111
1111111
8111118
8811188
Board 1: 35 Pegs
8810188
8110118
1111111
1111111
1111111
8111118
8811188
Board 2: 34 Pegs
8810188
8111008
1111111
1111111
1111111
8111118
8811188
Board 3: 33 Pegs
8810188
8100108
1111111
1111111
1111111
8111118
8811188
Board 4: 32 Pegs
8810188
8100118
1111101
1111101
1111111
8111118
8811188
Board 5: 31 Pegs
8810188
8100118
1111101
1111111
1111101
8111108
8811188
Board 6: 30 Pegs
8810188
8101008
1111101
1111111
1111101
8111108
8811188
Board 7: 29 Pegs
8810188
8101008
1111101
1111111
1111101
8110018
8811188
Board 8: 28 Pegs
8810188
8101008
1111101
1111111
1111101
8001018
8811188
Board 9: 27 Pegs
8810188
8101008
1111101
1011111
1011101
8101018
8811188
Board 10: 26 Pegs
8810188
8001008
1011101
1111111
1011101
8101018
8811188
Board 11: 25 Pegs
8810188
8001008
1011101
1111111
1100101
8101018
8811188
Board 12: 24 Pegs
8810188
8001008
1011101
1111111
0010101
8101018
8811188
Board 13: 23 Pegs
8810188
8001008
1011101
1111111
0011101
8100018
8810188
Board 14: 22 Pegs
8810188
8001008
0011101
0111111
1011101
8100018
8810188
Board 15: 21 Pegs
8810188
8001008
0011101
0111111
1100101
8100018
8810188
Board 16: 20 Pegs
8810188
8001008
0011101
0111111
0010101
8100018
8810188
Board 17: 19 Pegs
8810188
8001108
0011001
0111011
0010101
8100018
8810188
Board 18: 18 Pegs
8810088
8001008
0011101
0111011
0010101
8100018
8810188
Board 19: 17 Pegs
8810088
8001008
0011101
0111100
0010101
8100018
8810188
Board 20: 16 Pegs
8810088
8001008
0011101
0111000
0010001
8100118
8810188
Board 21: 15 Pegs
8810088
8001008
0011101
0111000
0010101
8100018
8810088
Board 22: 14 Pegs
8810088
8001008
0010101
0110000
0011101
8100018
8810088
Board 23: 13 Pegs
8810088
8001008
0010101
0110000
0100101
8100018
8810088
Board 24: 12 Pegs
8810088
8001008
0010101
1000000
0100101
8100018
8810088
Board 25: 11 Pegs
8810088
8001008
0010101
1100000
0000101
8000018
8810088
Board 26: 10 Pegs
8810088
8001008
0010101
0010000
0000101
8000018
8810088
Board 27: 9 Pegs
8810088
8011008
0000101
0000000
0000101
8000018
8810088
Board 28: 8 Pegs
8810088
8000108
0000101
0000000
0000101
8000018
8810088
Board 29: 7 Pegs
8810088
8000008
0000001
0000100
0000101
8000018
8810088
Board 30: 6 Pegs
8810088
8000008
0000001
0000000
0000001
8000118
8810088
Board 31: 5 Pegs
8810088
8000008
0000001
0000000
0000001
8001008
8810088
