2 Pegs Remain
Total nodes explored: 13140036
Total time: 0:5:0:1
Board 0: 32 Pegs
8811188
8811188
1111111
1110111
1111111
8811188
8811188
Board 1: 31 Pegs
8811188
8811188
1111111
1111111
1110111
8810188
8811188
Board 2: 30 Pegs
8811188
8811188
1111111
1111111
1111001
8810188
8811188
Board 3: 29 Pegs
8811188
8811188
1111111
1111111
1111101
8810088
8811088
Board 4: 28 Pegs
8811188
8811188
1111111
1111111
1111101
8810088
8800188
Board 5: 27 Pegs
8811188
8811188
1111101
1111101
1111111
8810088
8800188
Board 6: 26 Pegs
8811188
8811188
1111101
1111101
1101111
8800088
8810188
Board 7: 25 Pegs
8811188
8811188
1111101
1111101
0011111
8800088
8810188
Board 8: 24 Pegs
8811188
8811188
0111101
0111101
1011111
8800088
8810188
Board 9: 23 Pegs
8811188
8811188
0011101
0011101
1111111
8800088
8810188
Board 10: 22 Pegs
8811188
8811188
0011101
0011001
1111011
8800188
8810188
Board 11: 21 Pegs
8811188
8811188
0011101
0011001
1111111
8800088
8810088
Board 12: 20 Pegs
8811188
8811088
0011001
0011101
1111111
8800088
8810088
Board 13: 19 Pegs
8811188
8800188
0011001
0011101
1111111
8800088
8810088
Board 14: 18 Pegs
8811088
8800088
0011101
0011101
1111111
8800088
8810088
Board 15: 17 Pegs
8800188
8800088
0011101
0011101
1111111
8800088
8810088
Board 16: 16 Pegs
8800188
8800188
0011001
0011001
1111111
8800088
8810088
Board 17: 15 Pegs
8800088
8800088
0011101
0011001
1111111
8800088
8810088
Board 18: 14 Pegs
8800088
8810088
0001101
0001001
1111111
8800088
8810088
Board 19: 13 Pegs
8800088
8810088
0010001
0001001
1111111
8800088
8810088
Board 20: 12 Pegs
8800088
8800088
0000001
0011001
1111111
8800088
8810088
Board 21: 11 Pegs
8800088
8800088
0000001
0001001
1101111
8810088
8810088
Board 22: 10 Pegs
8800088
8800088
0000001
0001001
0011111
8810088
8810088
Board 23: 9 Pegs
8800088
8800088
0000001
0011001
0001111
8800088
8810088
Board 24: 8 Pegs
8800088
8800088
0000001
0000101
0001111
8800088
8810088
Board 25: 7 Pegs
8800088
8800088
0000001
0000001
0001011
8800188
8810088
Board 26: 6 Pegs
8800088
8800088
0000001
0000001
0001100
8800188
8810088
Board 27: 5 Pegs
8800088
8800088
0000000
0000000
0001101
8800188
8810088
Board 28: 4 Pegs
8800088
8800088
0000000
0000000
0000011
8800188
8810088
Board 29: 3 Pegs
8800088
8800088
0000000
0000000
0000100
8800188
8810088
Board 30: 2 Pegs
8800088
8800088
0000000
0000100
0000000
8800088
8810088
