5 Pegs Remain
Total nodes explored: 21279223
Total time: 0:5:0:2
Board 0: 44 Pegs
888111888
888111888
888111888
111111111
111101111
111111111
888111888
888111888
888111888
Board 1: 43 Pegs
888111888
888111888
888101888
111101111
111111111
111111111
888111888
888111888
888111888
Board 2: 42 Pegs
888101888
888101888
888111888
111101111
111111111
111111111
888111888
888111888
888111888
Board 3: 41 Pegs
888101888
888101888
888111888
110011111
111111111
111111111
888111888
888111888
888111888
Board 4: 40 Pegs
888101888
888001888
888011888
110111111
111111111
111111111
888111888
888111888
888111888
Board 5: 39 Pegs
888101888
888001888
888100888
110111111
111111111
111111111
888111888
888111888
888111888
Board 6: 38 Pegs
888100888
888000888
888101888
110111111
111111111
111111111
888111888
888111888
888111888
Board 7: 37 Pegs
888100888
888000888
888101888
001111111
111111111
111111111
888111888
888111888
888111888
Board 8: 36 Pegs
888100888
888000888
888101888
010011111
111111111
111111111
888111888
888111888
888111888
Board 9: 35 Pegs
888100888
888000888
888101888
010100111
111111111
111111111
888111888
888111888
888111888
Board 10: 34 Pegs
888100888
888100888
888001888
010000111
111111111
111111111
888111888
888111888
888111888
Board 11: 33 Pegs
888000888
888000888
888101888
010000111
111111111
111111111
888111888
888111888
888111888
Board 12: 32 Pegs
888000888
888000888
888101888
010001001
111111111
111111111
888111888
888111888
888111888
Board 13: 31 Pegs
888000888
888001888
888100888
010000001
111111111
111111111
888111888
888111888
888111888
Board 14: 30 Pegs
888000888
888001888
888100888
110000001
011111111
011111111
888111888
888111888
888111888
Board 15: 29 Pegs
888000888
888001888
888100888
001000001
011111111
011111111
888111888
888111888
888111888
Board 16: 28 Pegs
888000888
888001888
888100888
001000001
100111111
011111111
888111888
888111888
888111888
Board 17: 27 Pegs
888000888
888001888
888100888
001000001
101001111
011111111
888111888
888111888
888111888
Board 18: 26 Pegs
888000888
888001888
888100888
001000001
101010011
011111111
888111888
888111888
888111888
Board 19: 25 Pegs
888000888
888001888
888100888
001000001
101010100
011111111
888111888
888111888
888111888
Board 20: 24 Pegs
888000888
888001888
888100888
001000001
101010100
100111111
888111888
888111888
888111888
Board 21: 23 Pegs
888000888
888001888
888100888
000000001
100010100
101111111
888111888
888111888
888111888
Board 22: 22 Pegs
888000888
888001888
888100888
100000001
000010100
001111111
888111888
888111888
888111888
Board 23: 21 Pegs
888000888
888001888
888100888
100000001
000010100
010011111
888111888
888111888
888111888
Board 24: 20 Pegs
888000888
888001888
888100888
100010001
000000100
010001111
888111888
888111888
888111888
Board 25: 19 Pegs
888000888
888001888
888100888
100010001
000000100
010010011
888111888
888111888
888111888
Board 26: 18 Pegs
888000888
888001888
888100888
100010001
000000100
010010100
888111888
888111888
888111888
Board 27: 17 Pegs
888000888
888001888
888100888
100010101
000000000
010010000
888111888
888111888
888111888
Board 28: 16 Pegs
888000888
888001888
888100888
100010101
000010000
010000000
888101888
888111888
888111888
Board 29: 15 Pegs
888000888
888001888
888110888
100000101
000000000
010000000
888101888
888111888
888111888
Board 30: 14 Pegs
888000888
888001888
888001888
100000101
000000000
010000000
888101888
888111888
888111888
Board 31: 13 Pegs
888000888
888000888
888000888
100001101
000000000
010000000
888101888
888111888
888111888
Board 32: 12 Pegs
888000888
888000888
888000888
100000011
000000000
010000000
888101888
888111888
888111888
Board 33: 11 Pegs
888000888
888000888
888000888
100000100
000000000
010000000
888101888
888111888
888111888
Board 34: 10 Pegs
888000888
888000888
888000888
100000100
000000000
010100000
888001888
888011888
888111888
Board 35: 9 Pegs
888000888
888000888
888000888
100000100
000000000
010100000
888001888
888100888
888111888
Board 36: 8 Pegs
888000888
888000888
888000888
100000100
000000000
010100000
888101888
888000888
888011888
Board 37: 7 Pegs
888000888
888000888
888000888
100000100
000000000
010000000
888001888
888100888
888011888
Board 38: 6 Pegs
888000888
888000888
888000888
100000100
000000000
010000000
888001888
888100888
888100888
Board 39: 5 Pegs
888000888
888000888
888000888
100000100
000000000
010000000
888101888
888000888
888000888
